#Parameters = {d=1; g=0.5; h=2.4; l=6; m=3; p=0.5; phi=0; s=1.3; t=0.035; theta=30; w=7}
#"Frequency / GHz"	"SZmax(1),Zmax(1) (theta=30) [Magnitude]"
#-----------------------------------------------------------
2.0000000000000	0.99954254396600
2.0100000000000	0.99953999571906
2.0200000000000	0.99953727326366
2.0300000000000	0.99953437661455
2.0400000000000	0.99953130576408
2.0500000000000	0.99952806068183
2.0600000000000	0.99952464131427
2.0700000000000	0.99952104758441
2.0800000000000	0.99951727939141
2.0900000000000	0.99951333661026
2.1000000000000	0.99950921909135
2.1100000000000	0.99950492666010
2.1200000000000	0.99950045911661
2.1300000000000	0.99949581623518
2.1400000000000	0.99949099776395
2.1500000000000	0.99948600342448
2.1600000000000	0.99948083291130
2.1700000000000	0.99947548589151
2.1800000000000	0.99946996200428
2.1900000000000	0.99946426086045
2.2000000000000	0.99945838204202
2.2100000000000	0.99945232510171
2.2200000000000	0.99944608956243
2.2300000000000	0.99943967491686
2.2400000000000	0.99943308062684
2.2500000000000	0.99942630612294
2.2600000000000	0.99941935080389
2.2700000000000	0.99941221403602
2.2800000000000	0.99940489515277
2.2900000000000	0.99939739345404
2.3000000000000	0.99938970820570
2.3100000000000	0.99938183863890
2.3200000000000	0.99937378394956
2.3300000000000	0.99936554329768
2.3400000000000	0.99935711580675
2.3500000000000	0.99934850056307
2.3600000000000	0.99933969661511
2.3700000000000	0.99933070297282
2.3800000000000	0.99932151860694
2.3900000000000	0.99931214244828
2.4000000000000	0.99930257338700
2.4100000000000	0.99929281027188
2.4200000000000	0.99928285190952
2.4300000000000	0.99927269706360
2.4400000000000	0.99926234445406
2.4500000000000	0.99925179275627
2.4600000000000	0.99924104060023
2.4700000000000	0.99923008656967
2.4800000000000	0.99921892920121
2.4900000000000	0.99920756698341
2.5000000000000	0.99919599835591
2.5100000000000	0.99918422170844
2.5200000000000	0.99917223537986
2.5300000000000	0.99916003765718
2.5400000000000	0.99914762677455
2.5500000000000	0.99913500091219
2.5600000000000	0.99912215819534
2.5700000000000	0.99910909669317
2.5800000000000	0.99909581441766
2.5900000000000	0.99908230932243
2.6000000000000	0.99906857930159
2.6100000000000	0.99905462218852
2.6200000000000	0.99904043575461
2.6300000000000	0.99902601770803
2.6400000000000	0.99901136569238
2.6500000000000	0.99899647728541
2.6600000000000	0.99898134999758
2.6700000000000	0.99896598127073
2.6800000000000	0.99895036847657
2.6900000000000	0.99893450891525
2.7000000000000	0.99891839981381
2.7100000000000	0.99890203832462
2.7200000000000	0.99888542152382
2.7300000000000	0.99886854640963
2.7400000000000	0.99885140990069
2.7500000000000	0.99883400883435
2.7600000000000	0.99881633996483
2.7700000000000	0.99879839996148
2.7800000000000	0.99878018540686
2.7900000000000	0.99876169279482
2.8000000000000	0.99874291852855
2.8100000000000	0.99872385891852
2.8200000000000	0.99870451018043
2.8300000000000	0.99868486843309
2.8400000000000	0.99866492969617
2.8500000000000	0.99864468988796
2.8600000000000	0.99862414482310
2.8700000000000	0.99860329021016
2.8800000000000	0.99858212164918
2.8900000000000	0.99856063462920
2.9000000000000	0.99853882452564
2.9100000000000	0.99851668659767
2.9200000000000	0.99849421598547
2.9300000000000	0.99847140770743
2.9400000000000	0.99844825665725
2.9500000000000	0.99842475760101
2.9600000000000	0.99840090517407
2.9700000000000	0.99837669387800
2.9800000000000	0.99835211807730
2.9900000000000	0.99832717199612
3.0000000000000	0.99830184971483
3.0100000000000	0.99827614516653
3.0200000000000	0.99825005213341
3.0300000000000	0.99822356424309
3.0400000000000	0.99819667496476
3.0500000000000	0.99816937760526
3.0600000000000	0.99814166530503
3.0700000000000	0.99811353103397
3.0800000000000	0.99808496758712
3.0900000000000	0.99805596758030
3.1000000000000	0.99802652344551
3.1100000000000	0.99799662742632
3.1200000000000	0.99796627157301
3.1300000000000	0.99793544773763
3.1400000000000	0.99790414756890
3.1500000000000	0.99787236250697
3.1600000000000	0.99784008377798
3.1700000000000	0.99780730238851
3.1800000000000	0.99777400911980
3.1900000000000	0.99774019452190
3.2000000000000	0.99770584890749
3.2100000000000	0.99767096234567
3.2200000000000	0.99763552465544
3.2300000000000	0.99759952539905
3.2400000000000	0.99756295387512
3.2500000000000	0.99752579911154
3.2600000000000	0.99748804985819
3.2700000000000	0.99744969457935
3.2800000000000	0.99741072144600
3.2900000000000	0.99737111832776
3.3000000000000	0.99733087278463
3.3100000000000	0.99728997205850
3.3200000000000	0.99724840306430
3.3300000000000	0.99720615238102
3.3400000000000	0.99716320624226
3.3500000000000	0.99711955052663
3.3600000000000	0.99707517074777
3.3700000000000	0.99703005204409
3.3800000000000	0.99698417916812
3.3900000000000	0.99693753647558
3.4000000000000	0.99689010791408
3.4100000000000	0.99684187701143
3.4200000000000	0.99679282686359
3.4300000000000	0.99674294012221
3.4400000000000	0.99669219898180
3.4500000000000	0.99664058516643
3.4600000000000	0.99658807991601
3.4700000000000	0.99653466397214
3.4800000000000	0.99648031756345
3.4900000000000	0.99642502039049
3.5000000000000	0.99636875161008
3.5100000000000	0.99631148981915
3.5200000000000	0.99625321303805
3.5300000000000	0.99619389869328
3.5400000000000	0.99613352359966
3.5500000000000	0.99607206394183
3.5600000000000	0.99600949525519
3.5700000000000	0.99594579240618
3.5800000000000	0.99588092957184
3.5900000000000	0.99581488021867
3.6000000000000	0.99574761708085
3.6100000000000	0.99567911213756
3.6200000000000	0.99560933658964
3.6300000000000	0.99553826083536
3.6400000000000	0.99546585444534
3.6500000000000	0.99539208613667
3.6600000000000	0.99531692374599
3.6700000000000	0.99524033420176
3.6800000000000	0.99516228349541
3.6900000000000	0.99508273665152
3.7000000000000	0.99500165769701
3.7100000000000	0.99491900962907
3.7200000000000	0.99483475438206
3.7300000000000	0.99474885279315
3.7400000000000	0.99466126456675
3.7500000000000	0.99457194823763
3.7600000000000	0.99448086113267
3.7700000000000	0.99438795933127
3.7800000000000	0.99429319762423
3.7900000000000	0.99419652947115
3.8000000000000	0.99409790695631
3.8100000000000	0.99399728074276
3.8200000000000	0.99389460002485
3.8300000000000	0.99378981247892
3.8400000000000	0.99368286421212
3.8500000000000	0.99357369970933
3.8600000000000	0.99346226177809
3.8700000000000	0.99334849149134
3.8800000000000	0.99323232812816
3.8900000000000	0.99311370911205
3.9000000000000	0.99299256994696
3.9100000000000	0.99286884415084
3.9200000000000	0.99274246318660
3.9300000000000	0.99261335639038
3.9400000000000	0.99248145089709
3.9500000000000	0.99234667156297
3.9600000000000	0.99220894088519
3.9700000000000	0.99206817891820
3.9800000000000	0.99192430318685
3.9900000000000	0.99177722859605
4.0000000000000	0.99162686733680
4.0100000000000	0.99147312878857
4.0200000000000	0.99131591941763
4.0300000000000	0.99115514267144
4.0400000000000	0.99099069886866
4.0500000000000	0.99082248508480
4.0600000000000	0.99065039503321
4.0700000000000	0.99047431894115
4.0800000000000	0.99029414342090
4.0900000000000	0.99010975133551
4.1000000000000	0.98992102165906
4.1100000000000	0.98972782933109
4.1200000000000	0.98953004510511
4.1300000000000	0.98932753539068
4.1400000000000	0.98912016208898
4.1500000000000	0.98890778242149
4.1600000000000	0.98869024875141
4.1700000000000	0.98846740839764
4.1800000000000	0.98823910344081
4.1900000000000	0.98800517052117
4.2000000000000	0.98776544062776
4.2100000000000	0.98751973887865
4.2200000000000	0.98726788429180
4.2300000000000	0.98700968954594
4.2400000000000	0.98674496073126
4.2500000000000	0.98647349708924
4.2600000000000	0.98619509074126
4.2700000000000	0.98590952640531
4.2800000000000	0.98561658110039
4.2900000000000	0.98531602383794
4.3000000000000	0.98500761529977
4.3100000000000	0.98469110750169
4.3200000000000	0.98436624344243
4.3300000000000	0.98403275673688
4.3400000000000	0.98369037123312
4.3500000000000	0.98333880061237
4.3600000000000	0.98297774797108
4.3700000000000	0.98260690538432
4.3800000000000	0.98222595344958
4.3900000000000	0.98183456081003
4.4000000000000	0.98143238365637
4.4100000000000	0.98101906520606
4.4200000000000	0.98059423515908
4.4300000000000	0.98015750912895
4.4400000000000	0.97970848804793
4.4500000000000	0.97924675754509
4.4600000000000	0.97877188729610
4.4700000000000	0.97828343034325
4.4800000000000	0.97778092238447
4.4900000000000	0.97726388102969
4.5000000000000	0.97673180502320
4.5100000000000	0.97618417343034
4.5200000000000	0.97562044478677
4.5300000000000	0.97504005620881
4.5400000000000	0.97444242246274
4.5500000000000	0.97382693499148
4.5600000000000	0.97319296089646
4.5700000000000	0.97253984187277
4.5800000000000	0.97186689309543
4.5900000000000	0.97117340205458
4.6000000000000	0.97045862733731
4.6100000000000	0.96972179735384
4.6200000000000	0.96896210900546
4.6300000000000	0.96817872629191
4.6400000000000	0.96737077885542
4.6500000000000	0.96653736045889
4.6600000000000	0.96567752739537
4.6700000000000	0.96479029682608
4.6800000000000	0.96387464504415
4.6900000000000	0.96292950566102
4.7000000000000	0.96195376771275
4.7100000000000	0.96094627368301
4.7200000000000	0.95990581743998
4.7300000000000	0.95883114208391
4.7400000000000	0.95772093770258
4.7500000000000	0.95657383903147
4.7600000000000	0.95538842301588
4.7700000000000	0.95416320627215
4.7800000000000	0.95289664244528
4.7900000000000	0.95158711946043
4.8000000000000	0.95023295666598
4.8100000000000	0.94883240186608
4.8200000000000	0.94738362824090
4.8300000000000	0.94588473115329
4.8400000000000	0.94433372484084
4.8500000000000	0.94272853899293
4.8600000000000	0.94106701521309
4.8700000000000	0.93934690336754
4.8800000000000	0.93756585782171
4.8900000000000	0.93572143356757
4.9000000000000	0.93381108224564
4.9100000000000	0.93183214806675
4.9200000000000	0.92978186364041
4.9300000000000	0.92765734571781
4.9400000000000	0.92545559085983
4.9500000000000	0.92317347104215
4.9600000000000	0.92080772921234
4.9700000000000	0.91835497481594
4.9800000000000	0.91581167931212
4.9900000000000	0.91317417170232
5.0000000000000	0.91043863409925
5.0100000000000	0.90760109736746
5.0200000000000	0.90465743687157
5.0300000000000	0.90160336837264
5.0400000000000	0.89843444411909
5.0500000000000	0.89514604918407
5.0600000000000	0.89173339810789
5.0700000000000	0.88819153191095
5.0800000000000	0.88451531554986
5.0900000000000	0.88069943589797
5.1000000000000	0.87673840033945
5.1100000000000	0.87262653607562
5.1200000000000	0.86835799025131
5.1300000000000	0.86392673101926
5.1400000000000	0.85932654967066
5.1500000000000	0.85455106397034
5.1600000000000	0.84959372284584
5.1700000000000	0.84444781259003
5.1800000000000	0.83910646474715
5.1900000000000	0.83356266586189
5.2000000000000	0.82780926928016
5.2100000000000	0.82183900919786
5.2200000000000	0.81564451716041
5.2300000000000	0.80921834122000
5.2400000000000	0.80255296795959
5.2500000000000	0.79564084759154
5.2600000000000	0.78847442233419
5.2700000000000	0.78104615826086
5.2800000000000	0.77334858080240
5.2900000000000	0.76537431406519
5.3000000000000	0.75711612410158
5.3100000000000	0.74856696623813
5.3200000000000	0.73972003652819
5.3300000000000	0.73056882734920
5.3400000000000	0.72110718711128
5.3500000000000	0.71132938398218
5.3600000000000	0.70123017346526
5.3700000000000	0.69080486959187
5.3800000000000	0.68004941940934
5.3900000000000	0.66896048036175
5.4000000000000	0.65753550007541
5.4100000000000	0.64577279797744
5.4200000000000	0.63367164809739
5.4300000000000	0.62123236233364
5.4400000000000	0.60845637341286
5.4500000000000	0.59534631673890
5.4600000000000	0.58190611032410
5.4700000000000	0.56814103202971
5.4800000000000	0.55405779342157
5.4900000000000	0.53966460968424
5.5000000000000	0.52497126524265
5.5100000000000	0.50998917503107
5.5200000000000	0.49473144174094
5.5300000000000	0.47921290989473
5.5400000000000	0.46345021826016
5.5500000000000	0.44746185297407
5.5600000000000	0.43126820483771
5.5700000000000	0.41489163564299
5.5800000000000	0.39835656018664
5.5900000000000	0.38168955295778
5.6000000000000	0.36491949153196
5.6100000000000	0.34807775273141
5.6200000000000	0.33119848298425
5.6300000000000	0.31431897154143
5.6400000000000	0.29748016497227
5.6500000000000	0.28072737454771
5.6600000000000	0.26411124579992
5.6700000000000	0.24768908277861
5.6800000000000	0.23152664879046
5.6900000000000	0.21570059910753
5.7000000000000	0.20030173202724
5.7100000000000	0.18543925204451
5.7200000000000	0.17124617264223
5.7300000000000	0.15788573837055
5.7400000000000	0.14555811250054
5.7500000000000	0.13450524903196
5.7600000000000	0.12500960183812
5.7700000000000	0.11737960805758
5.7800000000000	0.11191427760010
5.7900000000000	0.10884583535653
5.8000000000000	0.10827587251590
5.8100000000000	0.11013635137840
5.8200000000000	0.11420066421774
5.8300000000000	0.12013916497222
5.8400000000000	0.12758788063121
5.8500000000000	0.13620159366342
5.8600000000000	0.14568169191795
5.8700000000000	0.15578382474430
5.8800000000000	0.16631430482241
5.8900000000000	0.17712213209885
5.9000000000000	0.18809042610244
5.9100000000000	0.19912886377982
5.9200000000000	0.21016755641207
5.9300000000000	0.22115229707336
5.9400000000000	0.23204094586803
5.9500000000000	0.24280070234464
5.9600000000000	0.25340604871981
5.9700000000000	0.26383719307098
5.9800000000000	0.27407888327660
5.9900000000000	0.28411949601782
6.0000000000000	0.29395033066423
6.0100000000000	0.30356505671736
6.0200000000000	0.31295927722102
6.0300000000000	0.32213018049718
6.0400000000000	0.33107625976546
6.0500000000000	0.33979708542541
6.0600000000000	0.34829311858262
6.0700000000000	0.35656555718257
6.0800000000000	0.36461620816595
6.0900000000000	0.37244738057957
6.1000000000000	0.38006179571202
6.1100000000000	0.38746251117730
6.1200000000000	0.39465285651706
6.1300000000000	0.40163637838651
6.1400000000000	0.40841679376945
6.1500000000000	0.41499794996320
6.1600000000000	0.42138379030493
6.1700000000000	0.42757832479270
6.1800000000000	0.43358560489888
6.1900000000000	0.43940970198948
6.2000000000000	0.44505468885576
6.2100000000000	0.45052462394077
6.2200000000000	0.45582353790524
6.2300000000000	0.46095542222868
6.2400000000000	0.46592421958409
6.2500000000000	0.47073381576033
6.2600000000000	0.47538803293631
6.2700000000000	0.47989062413642
6.2800000000000	0.48424526871860
6.2900000000000	0.48845556876472
6.3000000000000	0.49252504625921
6.3100000000000	0.49645714095556
6.3200000000000	0.50025520884248
6.3300000000000	0.50392252113178
6.3400000000000	0.50746226369945
6.3500000000000	0.51087753691932
6.3600000000000	0.51417135583567
6.3700000000000	0.51734665062766
6.3800000000000	0.52040626732369
6.3900000000000	0.52335296872879
6.4000000000000	0.52618943553237
6.4100000000000	0.52891826756775
6.4200000000000	0.53154198519779
6.4300000000000	0.53406303080446
6.4400000000000	0.53648377036261
6.4500000000000	0.53880649508057
6.4600000000000	0.54103342309243
6.4700000000000	0.54316670118869
6.4800000000000	0.54520840657372
6.4900000000000	0.54716054863973
6.5000000000000	0.54902507074862
6.5100000000000	0.55080385201403
6.5200000000000	0.55249870907692
6.5300000000000	0.55411139786919
6.5400000000000	0.55564361536043
6.5500000000000	0.55709700128370
6.5600000000000	0.55847313983698
6.5700000000000	0.55977356135740
6.5800000000000	0.56099974396580
6.5900000000000	0.56215311517996
6.6000000000000	0.56323505349470
6.6100000000000	0.56424688992790
6.6200000000000	0.56518990953150
6.6300000000000	0.56606535286693
6.6400000000000	0.56687441744458
6.6500000000000	0.56761825912716
6.6600000000000	0.56829799349702
6.6700000000000	0.56891469718760
6.6800000000000	0.56946940917927
6.6900000000000	0.56996313206005
6.7000000000000	0.57039683325167
6.7100000000000	0.57077144620162
6.7200000000000	0.57108787154189
6.7300000000000	0.57134697821497
6.7400000000000	0.57154960456808
6.7500000000000	0.57169655941633
6.7600000000000	0.57178862307562
6.7700000000000	0.57182654836623
6.7800000000000	0.57181106158793
6.7900000000000	0.57174286346742
6.8000000000000	0.57162263007919
6.8100000000000	0.57145101374041
6.8200000000000	0.57122864388106
6.8300000000000	0.57095612788986
6.8400000000000	0.57063405193713
6.8500000000000	0.57026298177535
6.8600000000000	0.56984346351822
6.8700000000000	0.56937602439916
6.8800000000000	0.56886117351002
6.8900000000000	0.56829940252080
6.9000000000000	0.56769118638123
6.9100000000000	0.56703698400489
6.9200000000000	0.56633723893674
6.9300000000000	0.56559238000471
6.9400000000000	0.56480282195607
6.9500000000000	0.56396896607936
6.9600000000000	0.56309120081242
6.9700000000000	0.56216990233737
6.9800000000000	0.56120543516295
6.9900000000000	0.56019815269504
7.0000000000000	0.55914839779586
7.0100000000000	0.55805650333239
7.0200000000000	0.55692279271472
7.0300000000000	0.55574758042471
7.0400000000000	0.55453117253559
7.0500000000000	0.55327386722295
7.0600000000000	0.55197595526763
7.0700000000000	0.55063772055098
7.0800000000000	0.54925944054293
7.0900000000000	0.54784138678333
7.1000000000000	0.54638382535691
7.1100000000000	0.54488701736234
7.1200000000000	0.54335121937575
7.1300000000000	0.54177668390907
7.1400000000000	0.54016365986347
7.1500000000000	0.53851239297844
7.1600000000000	0.53682312627655
7.1700000000000	0.53509610050448
7.1800000000000	0.53333155457041
7.1900000000000	0.53152972597808
7.2000000000000	0.52969085125793
7.2100000000000	0.52781516639540
7.2200000000000	0.52590290725665
7.2300000000000	0.52395431001207
7.2400000000000	0.52196961155758
7.2500000000000	0.51994904993415
7.2600000000000	0.51789286474548
7.2700000000000	0.51580129757426
7.2800000000000	0.51367459239697
7.2900000000000	0.51151299599758
7.3000000000000	0.50931675838007
7.3100000000000	0.50708613318009
7.3200000000000	0.50482137807580
7.3300000000000	0.50252275519805
7.3400000000000	0.50019053153993
7.3500000000000	0.49782497936591
7.3600000000000	0.49542637662058
7.3700000000000	0.49299500733703
7.3800000000000	0.49053116204515
7.3900000000000	0.48803513817966
7.4000000000000	0.48550724048817
7.4100000000000	0.48294778143915
7.4200000000000	0.48035708163003
7.4300000000000	0.47773547019536
7.4400000000000	0.47508328521516
7.4500000000000	0.47240087412346
7.4600000000000	0.46968859411716
7.4700000000000	0.46694681256514
7.4800000000000	0.46417590741778
7.4900000000000	0.46137626761687
7.5000000000000	0.45854829350603
7.5100000000000	0.45569239724159
7.5200000000000	0.45280900320409
7.5300000000000	0.44989854841041
7.5400000000000	0.44696148292658
7.5500000000000	0.44399827028139
7.5600000000000	0.44100938788083
7.5700000000000	0.43799532742343
7.5800000000000	0.43495659531670
7.5900000000000	0.43189371309456
7.6000000000000	0.42880721783603
7.6100000000000	0.42569766258529
7.6200000000000	0.42256561677307
7.6300000000000	0.41941166663965
7.6400000000000	0.41623641565957
7.6500000000000	0.41304048496808
7.6600000000000	0.40982451378962
7.6700000000000	0.40658915986839
7.6800000000000	0.40333509990114
7.6900000000000	0.40006302997242
7.7000000000000	0.39677366599234
7.7100000000000	0.39346774413699
7.7200000000000	0.39014602129181
7.7300000000000	0.38680927549777
7.7400000000000	0.38345830640071
7.7500000000000	0.38009393570375
7.7600000000000	0.37671700762297
7.7700000000000	0.37332838934624
7.7800000000000	0.36992897149528
7.7900000000000	0.36651966859083
7.8000000000000	0.36310141952077
7.8100000000000	0.35967518801097
7.8200000000000	0.35624196309861
7.8300000000000	0.35280275960741
7.8400000000000	0.34935861862440
7.8500000000000	0.34591060797732
7.8600000000000	0.34245982271196
7.8700000000000	0.33900738556831
7.8800000000000	0.33555444745415
7.8900000000000	0.33210218791464
7.9000000000000	0.32865181559612
7.9100000000000	0.32520456870184
7.9200000000000	0.32176171543715
7.9300000000000	0.31832455444139
7.9400000000000	0.31489441520289
7.9500000000000	0.31147265845336
7.9600000000000	0.30806067653722
7.9700000000000	0.30465989375091
7.9800000000000	0.30127176664635
7.9900000000000	0.29789778429231
8.0000000000000	0.29453946848640
8.0100000000000	0.29119837390961
8.0200000000000	0.28787608821462
8.0300000000000	0.28457423203763
8.0400000000000	0.28129445892311
8.0500000000000	0.27803845514917
8.0600000000000	0.27480793944047
8.0700000000000	0.27160466255432
8.0800000000000	0.26843040672450
8.0900000000000	0.26528698494600
8.1000000000000	0.26217624008283
8.1100000000000	0.25910004377990
8.1200000000000	0.25606029515892
8.1300000000000	0.25305891927721
8.1400000000000	0.25009786532772
8.1500000000000	0.24717910455778
8.1600000000000	0.24430462788390
8.1700000000000	0.24147644317983
8.1800000000000	0.23869657221554
8.1900000000000	0.23596704722545
8.2000000000000	0.23328990708589
8.2100000000000	0.23066719308333
8.2200000000000	0.22810094425774
8.2300000000000	0.22559319230894
8.2400000000000	0.22314595605763
8.2500000000000	0.22076123545796
8.2600000000000	0.21844100516457
8.2700000000000	0.21618720766329
8.2800000000000	0.21400174598294
8.2900000000000	0.21188647601350
8.3000000000000	0.20984319846548
8.3100000000000	0.20787365051485
8.3200000000000	0.20597949718799
8.3300000000000	0.20416232255153
8.3400000000000	0.20242362078187
8.3500000000000	0.20076478719933
8.3600000000000	0.19918710936042
8.3700000000000	0.19769175831014
8.3800000000000	0.19627978010211
8.3900000000000	0.19495208769923
8.4000000000000	0.19370945336991
8.4100000000000	0.19255250169455
8.4200000000000	0.19148170329441
8.4300000000000	0.19049736938912
8.4400000000000	0.18959964728079
8.4500000000000	0.18878851685087
8.4600000000000	0.18806378814260
8.4700000000000	0.18742510008494
8.4800000000000	0.18687192039614
8.4900000000000	0.18640354668543
8.5000000000000	0.18601910875096
8.5100000000000	0.18571757205147
8.5200000000000	0.18549774230944
8.5300000000000	0.18535827118402
8.5400000000000	0.18529766293512
8.5500000000000	0.18531428198477
8.5600000000000	0.18540636126899
8.5700000000000	0.18557201126421
8.5800000000000	0.18580922956508
8.5900000000000	0.18611591088716
8.6000000000000	0.18648985736738
8.6100000000000	0.18692878903710
8.6200000000000	0.18743035434786
8.6300000000000	0.18799214063637
8.6400000000000	0.18861168442453
8.6500000000000	0.18928648146054
8.6600000000000	0.19001399641805
8.6700000000000	0.19079167218277
8.6800000000000	0.19161693866763
8.6900000000000	0.19248722110985
8.7000000000000	0.19339994781475
8.7100000000000	0.19435255732224
8.7200000000000	0.19534250498196
8.7300000000000	0.19636726893228
8.7400000000000	0.19742435548656
8.7500000000000	0.19851130393703
8.7600000000000	0.19962569079276
8.7700000000000	0.20076513347292
8.7800000000000	0.20192729348060
8.7900000000000	0.20310987908535
8.8000000000000	0.20431064754468
8.8100000000000	0.20552740689617
8.8200000000000	0.20675801735250
8.8300000000000	0.20800039233171
8.8400000000000	0.20925249915490
8.8500000000000	0.21051235944245
8.8600000000000	0.21177804923898
8.8700000000000	0.21304769889600
8.8800000000000	0.21431949273940
8.8900000000000	0.21559166854766
8.9000000000000	0.21686251686458
8.9100000000000	0.21813038016900
8.9200000000000	0.21939365192185
8.9300000000000	0.22065077550937
8.9400000000000	0.22190024309972
8.9500000000000	0.22314059442833
8.9600000000000	0.22437041552623
8.9700000000000	0.22558833740370
8.9800000000000	0.22679303470056
8.9900000000000	0.22798322431319
9.0000000000000	0.22915766400676
9.0100000000000	0.23031515102083
9.0200000000000	0.23145452067463
9.0300000000000	0.23257464497836
9.0400000000000	0.23367443125514
9.0500000000000	0.23475282077828
9.0600000000000	0.23580878742737
9.0700000000000	0.23684133636635
9.0800000000000	0.23784950274618
9.0900000000000	0.23883235043418
9.1000000000000	0.23978897077169
9.1100000000000	0.24071848136162
9.1200000000000	0.24162002488664
9.1300000000000	0.24249276795899
9.1400000000000	0.24333590000238
9.1500000000000	0.24414863216627
9.1600000000000	0.24493019627269
9.1700000000000	0.24567984379561
9.1800000000000	0.24639684487284
9.1900000000000	0.24708048735001
9.2000000000000	0.24773007585657
9.2100000000000	0.24834493091328
9.2200000000000	0.24892438807083
9.2300000000000	0.24946779707913
9.2400000000000	0.24997452108677
9.2500000000000	0.25044393587014
9.2600000000000	0.25087542909173
9.2700000000000	0.25126839958709
9.2800000000000	0.25162225667991
9.2900000000000	0.25193641952482
9.3000000000000	0.25221031647744
9.3100000000000	0.25244338449106
9.3200000000000	0.25263506853991
9.3300000000000	0.25278482106826
9.3400000000000	0.25289210146532
9.3500000000000	0.25295637556547
9.3600000000000	0.25297711517368
9.3700000000000	0.25295379761596
9.3800000000000	0.25288590531456
9.3900000000000	0.25277292538800
9.4000000000000	0.25261434927592
9.4100000000000	0.25240967238861
9.4200000000000	0.25215839378168
9.4300000000000	0.25186001585570
9.4400000000000	0.25151404408135
9.4500000000000	0.25111998675039
9.4600000000000	0.25067735475280
9.4700000000000	0.25018566138076
9.4800000000000	0.24964442216005
9.4900000000000	0.24905315470969
9.5000000000000	0.24841137863058
9.5100000000000	0.24771861542438
9.5200000000000	0.24697438844350
9.5300000000000	0.24617822287374
9.5400000000000	0.24532964575088
9.5500000000000	0.24442818601307
9.5600000000000	0.24347337459059
9.5700000000000	0.24246474453536
9.5800000000000	0.24140183119232
9.5900000000000	0.24028417241530
9.6000000000000	0.23911130883041
9.6100000000000	0.23788278414990
9.6200000000000	0.23659814554045
9.6300000000000	0.23525694404957
9.6400000000000	0.23385873509486
9.6500000000000	0.23240307902102
9.6600000000000	0.23088954173028
9.6700000000000	0.22931769539262
9.6800000000000	0.22768711924277
9.6900000000000	0.22599740047205
9.7000000000000	0.22424813522404
9.7100000000000	0.22243892970416
9.7200000000000	0.22056940141472
9.7300000000000	0.21863918052837
9.7400000000000	0.21664791141483
9.7500000000000	0.21459525433755
9.7600000000000	0.21248088733971
9.7700000000000	0.21030450834127
9.7800000000000	0.20806583747244
9.7900000000000	0.20576461967236
9.8000000000000	0.20340062758632
9.8100000000000	0.20097366480017
9.8200000000000	0.19848356945630
9.8300000000000	0.19593021830326
9.8400000000000	0.19331353123916
9.8500000000000	0.19063347641961
9.8600000000000	0.18789007601259
9.8700000000000	0.18508341269757
9.8800000000000	0.18221363702303
9.8900000000000	0.17928097575786
9.9000000000000	0.17628574139663
9.9100000000000	0.17322834300946
9.9200000000000	0.17010929866365
9.9300000000000	0.16692924968872
9.9400000000000	0.16368897711088
9.9500000000000	0.16038942064879
9.9600000000000	0.15703170074364
9.9700000000000	0.15361714419521
9.9800000000000	0.15014731409706
9.9900000000000	0.14662404491318
10.000000000000	0.14304948372077
10.010000000000	0.13942613886861
10.020000000000	0.13575693757432
10.030000000000	0.13204529431845
10.040000000000	0.12829519229798
10.050000000000	0.12451128068695
10.060000000000	0.12069899102377
10.070000000000	0.11686467670340
10.080000000000	0.11301578028017
10.090000000000	0.10916103403846
10.100000000000	0.10531069996336
10.110000000000	0.10147685565055
10.120000000000	0.097673732491291
10.130000000000	0.093918111071251
10.140000000000	0.090229775184710
10.150000000000	0.086632018736263
10.160000000000	0.083152187003298
10.170000000000	0.079822212611233
10.180000000000	0.076679074404479
10.190000000000	0.073765062866920
10.200000000000	0.071127682094725
10.210000000000	0.068818968450428
10.220000000000	0.066893988111546
10.230000000000	0.065408333879117
10.240000000000	0.064414621266425
10.250000000000	0.063958293663019
10.260000000000	0.064073408782655
10.270000000000	0.064779318491385
10.280000000000	0.066079081060506
10.290000000000	0.067960008147539
10.300000000000	0.070396126470364
10.310000000000	0.073351832618116
10.320000000000	0.076785853420391
10.330000000000	0.080654787304932
10.340000000000	0.084915827317265
10.350000000000	0.089528576206614
10.360000000000	0.094456064489037
10.370000000000	0.099665166424427
10.380000000000	0.10512661263074
10.390000000000	0.11081476284384
10.400000000000	0.11670725698204
10.410000000000	0.12278462196143
10.420000000000	0.12902988066256
10.430000000000	0.13542818805853
10.440000000000	0.14196650585559
10.450000000000	0.14863331885442
10.460000000000	0.15541839174755
10.470000000000	0.16231256285342
10.480000000000	0.16930757042179
10.490000000000	0.17639590703221
10.500000000000	0.18357069788167
10.510000000000	0.19082559920395
10.520000000000	0.19815471356049
10.530000000000	0.20555251922712
10.540000000000	0.21301381134198
10.550000000000	0.22053365286613
10.560000000000	0.22810733373831
10.570000000000	0.23573033688279
10.580000000000	0.24339830996006
10.590000000000	0.25110704194139
10.600000000000	0.25885244374498
10.610000000000	0.26663053230074
10.620000000000	0.27443741751641
10.630000000000	0.28226929170450
10.640000000000	0.29012242110057
10.650000000000	0.29799313916182
10.660000000000	0.30587784138307
10.670000000000	0.31377298140662
10.680000000000	0.32167506823531
10.690000000000	0.32958066438511
10.700000000000	0.33748638483625
10.710000000000	0.34538889666045
10.720000000000	0.35328491921771
10.730000000000	0.36117122482943
10.740000000000	0.36904463984575
10.750000000000	0.37690204603457
10.760000000000	0.38474038222804
10.770000000000	0.39255664616918
10.780000000000	0.40034789650780
10.790000000000	0.40811125489988
10.800000000000	0.41584390816981
10.810000000000	0.42354311049882
10.820000000000	0.43120618560705
10.830000000000	0.43883052890012
10.840000000000	0.44641360955428
10.850000000000	0.45395297251721
10.860000000000	0.46144624040427
10.870000000000	0.46889111527273
10.880000000000	0.47628538025861
10.890000000000	0.48362690106328
10.900000000000	0.49091362727913
10.910000000000	0.49814359354532
10.920000000000	0.50531492052685
10.930000000000	0.51242581571181
10.940000000000	0.51947457402327
10.950000000000	0.52645957824397
10.960000000000	0.53337929925343
10.970000000000	0.54023229607822
10.980000000000	0.54701721575769
10.990000000000	0.55373279302836
11.000000000000	0.56037784983139
11.010000000000	0.56695129464827
11.020000000000	0.57345212167098
11.030000000000	0.57987940981340
11.040000000000	0.58623232157143
11.050000000000	0.59251010173989
11.060000000000	0.59871207599479
11.070000000000	0.60483764934958
11.080000000000	0.61088630449483
11.090000000000	0.61685760003051
11.100000000000	0.62275116860034
11.110000000000	0.62856671493787
11.120000000000	0.63430401383372
11.130000000000	0.63996290803344
11.140000000000	0.64554330607540
11.150000000000	0.65104518007775
11.160000000000	0.65646856348346
11.170000000000	0.66181354877204
11.180000000000	0.66708028514641
11.190000000000	0.67226897620276
11.200000000000	0.67737987759125
11.210000000000	0.68241329467478
11.220000000000	0.68736958019265
11.230000000000	0.69224913193574
11.240000000000	0.69705239043912
11.250000000000	0.70177983669791
11.260000000000	0.70643198991140
11.270000000000	0.71100940526045
11.280000000000	0.71551267172237
11.290000000000	0.71994240992733
11.300000000000	0.72429927005985
11.310000000000	0.72858392980853
11.320000000000	0.73279709236679
11.330000000000	0.73693948448706
11.340000000000	0.74101185459044
11.350000000000	0.74501497093367
11.360000000000	0.74894961983464
11.370000000000	0.75281660395772
11.380000000000	0.75661674065965
11.390000000000	0.76035086039647
11.400000000000	0.76401980519203
11.410000000000	0.76762442716781
11.420000000000	0.77116558713428
11.430000000000	0.77464415324313
11.440000000000	0.77806099970015
11.450000000000	0.78141700553779
11.460000000000	0.78471305344685
11.470000000000	0.78795002866614
11.480000000000	0.79112881792913
11.490000000000	0.79425030846641
11.500000000000	0.79731538706262
11.510000000000	0.80032493916666
11.520000000000	0.80327984805350
11.530000000000	0.80618099403649
11.540000000000	0.80902925372828
11.550000000000	0.81182549934908
11.560000000000	0.81457059808057
11.570000000000	0.81726541146388
11.580000000000	0.81991079484008
11.590000000000	0.82250759683149
11.600000000000	0.82505665886234
11.610000000000	0.82755881471705
11.620000000000	0.83001489013471
11.630000000000	0.83242570243799
11.640000000000	0.83479206019517
11.650000000000	0.83711476291362
11.660000000000	0.83939460076332
11.670000000000	0.84163235432894
11.680000000000	0.84382879438907
11.690000000000	0.84598468172129
11.700000000000	0.84810076693155
11.710000000000	0.85017779030680
11.720000000000	0.85221648168944
11.730000000000	0.85421756037239
11.740000000000	0.85618173501366
11.750000000000	0.85810970356924
11.760000000000	0.86000215324320
11.770000000000	0.86185976045397
11.780000000000	0.86368319081577
11.790000000000	0.86547309913422
11.800000000000	0.86723012941518
11.810000000000	0.86895491488600
11.820000000000	0.87064807802818
11.830000000000	0.87231023062076
11.840000000000	0.87394197379362
11.850000000000	0.87554389808995
11.860000000000	0.87711658353707
11.870000000000	0.87866059972518
11.880000000000	0.88017650589317
11.890000000000	0.88166485102093
11.900000000000	0.88312617392771
11.910000000000	0.88456100337587
11.920000000000	0.88596985817947
11.930000000000	0.88735324731738
11.940000000000	0.88871167005025
11.950000000000	0.89004561604113
11.960000000000	0.89135556547905
11.970000000000	0.89264198920548
11.980000000000	0.89390534884309
11.990000000000	0.89514609692656
12.000000000000	0.89636467703509
