#Parameters = {d=1; g=0.5; h=2.4; l=6; m=3; p=0.5; phi=0; s=1; t=0.035; theta=0; w=7}
#"Frequency / GHz"	"SZmax(1),Zmax(1) (s=1) [Magnitude]"
#------------------------------------------------------
2.0000000000000	-0.0044813090037487
2.0100000000000	-0.0045365239124691
2.0200000000000	-0.0045929332842212
2.0300000000000	-0.0046505413709099
2.0400000000000	-0.0047093527644971
2.0500000000000	-0.0047693724000863
2.0600000000000	-0.0048306055591645
2.0700000000000	-0.0048930578728911
2.0800000000000	-0.0049567353255905
2.0900000000000	-0.0050216442582670
2.1000000000000	-0.0050877913723097
2.1100000000000	-0.0051551837332935
2.1200000000000	-0.0052238287748902
2.1300000000000	-0.0052937343029898
2.1400000000000	-0.0053649084998183
2.1500000000000	-0.0054373599283135
2.1600000000000	-0.0055110975366400
2.1700000000000	-0.0055861306627616
2.1800000000000	-0.0056624690391776
2.1900000000000	-0.0057401227979376
2.2000000000000	-0.0058191024756738
2.2100000000000	-0.0058994190188672
2.2200000000000	-0.0059810837891730
2.2300000000000	-0.0060641085691519
2.2400000000000	-0.0061485055678898
2.2500000000000	-0.0062342874269798
2.2600000000000	-0.0063214672267226
2.2700000000000	-0.0064100584922546
2.2800000000000	-0.0065000752002481
2.2900000000000	-0.0065915317855167
2.3000000000000	-0.0066844431478797
2.3100000000000	-0.0067788246594184
2.3200000000000	-0.0068746921717767
2.3300000000000	-0.0069720620236255
2.3400000000000	-0.0070709510485820
2.3500000000000	-0.0071713765831760
2.3600000000000	-0.0072733564752121
2.3700000000000	-0.0073769090922062
2.3800000000000	-0.0074820533301871
2.3900000000000	-0.0075888086227696
2.4000000000000	-0.0076971949505452
2.4100000000000	-0.0078072328504994
2.4200000000000	-0.0079189434261486
2.4300000000000	-0.0080323483575542
2.4400000000000	-0.0081474699118278
2.4500000000000	-0.0082643309540503
2.4600000000000	-0.0083829549583627
2.4700000000000	-0.0085033660193459
2.4800000000000	-0.0086255888639235
2.4900000000000	-0.0087496488634960
2.5000000000000	-0.0088755720465026
2.5100000000000	-0.0090033851112897
2.5200000000000	-0.0091331154393802
2.5300000000000	-0.0092647911091863
2.5400000000000	-0.0093984409100908
2.5500000000000	-0.0095340943569548
2.5600000000000	-0.0096717817051382
2.5700000000000	-0.0098115339657584
2.5800000000000	-0.0099533829216551
2.5900000000000	-0.010097361143706
2.6000000000000	-0.010243502007606
2.6100000000000	-0.010391839711209
2.6200000000000	-0.010542409292386
2.6300000000000	-0.010695246647381
2.6400000000000	-0.010850388549754
2.6500000000000	-0.011007872669899
2.6600000000000	-0.011167737595092
2.6700000000000	-0.011330022850210
2.6800000000000	-0.011494768919105
2.6900000000000	-0.011662017266406
2.7000000000000	-0.011831810360321
2.7100000000000	-0.012004191695845
2.7200000000000	-0.012179205818816
2.7300000000000	-0.012356898350678
2.7400000000000	-0.012537316013946
2.7500000000000	-0.012720506658508
2.7600000000000	-0.012906519288701
2.7700000000000	-0.013095404091235
2.7800000000000	-0.013287212463978
2.7900000000000	-0.013481997045556
2.8000000000000	-0.013679811745934
2.8100000000000	-0.013880711777957
2.8200000000000	-0.014084753689808
2.8300000000000	-0.014291995398427
2.8400000000000	-0.014502496224148
2.8500000000000	-0.014716316926222
2.8600000000000	-0.014933519739538
2.8700000000000	-0.015154168412433
2.8800000000000	-0.015378328245798
2.8900000000000	-0.015606066133292
2.9000000000000	-0.015837450602852
2.9100000000000	-0.016072551859552
2.9200000000000	-0.016311441829776
2.9300000000000	-0.016554194206814
2.9400000000000	-0.016800884497868
2.9500000000000	-0.017051590072587
2.9600000000000	-0.017306390213176
2.9700000000000	-0.017565366166001
2.9800000000000	-0.017828601195009
2.9900000000000	-0.018096180636725
3.0000000000000	-0.018368191957087
3.0100000000000	-0.018644724810128
3.0200000000000	-0.018925871098516
3.0300000000000	-0.019211725036128
3.0400000000000	-0.019502383212595
3.0500000000000	-0.019797944660007
3.0600000000000	-0.020098510921783
3.0700000000000	-0.020404186123832
3.0800000000000	-0.020715077048026
3.0900000000000	-0.021031293208141
3.1000000000000	-0.021352946928301
3.1100000000000	-0.021680153424026
3.1200000000000	-0.022013030886025
3.1300000000000	-0.022351700566749
3.1400000000000	-0.022696286869893
3.1500000000000	-0.023046917442905
3.1600000000000	-0.023403723272609
3.1700000000000	-0.023766838784098
3.1800000000000	-0.024136401942989
3.1900000000000	-0.024512554361164
3.2000000000000	-0.024895441406143
3.2100000000000	-0.025285212314220
3.2200000000000	-0.025682020307503
3.2300000000000	-0.026086022715014
3.2400000000000	-0.026497381097974
3.2500000000000	-0.026916261379499
3.2600000000000	-0.027342833978789
3.2700000000000	-0.027777273950071
3.2800000000000	-0.028219761126396
3.2900000000000	-0.028670480268575
3.3000000000000	-0.029129621219329
3.3100000000000	-0.029597379063011
3.3200000000000	-0.030073954290977
3.3300000000000	-0.030559552972902
3.3400000000000	-0.031054386934306
3.3500000000000	-0.031558673940427
3.3600000000000	-0.032072637886812
3.3700000000000	-0.032596508996849
3.3800000000000	-0.033130524026494
3.3900000000000	-0.033674926476508
3.4000000000000	-0.034229966812532
3.4100000000000	-0.034795902693275
3.4200000000000	-0.035372999207178
3.4300000000000	-0.035961529117889
3.4400000000000	-0.036561773118934
3.4500000000000	-0.037174020097878
3.4600000000000	-0.037798567410558
3.4700000000000	-0.038435721165562
3.4800000000000	-0.039085796519621
3.4900000000000	-0.039749117984176
3.5000000000000	-0.040426019743730
3.5100000000000	-0.041116845986416
3.5200000000000	-0.041821951247354
3.5300000000000	-0.042541700765227
3.5400000000000	-0.043276470852844
3.5500000000000	-0.044026649282049
3.5600000000000	-0.044792635683861
3.5700000000000	-0.045574841964210
3.5800000000000	-0.046373692736299
3.5900000000000	-0.047189625769946
3.6000000000000	-0.048023092458994
3.6100000000000	-0.048874558307310
3.6200000000000	-0.049744503434453
3.6300000000000	-0.050633423101623
3.6400000000000	-0.051541828259032
3.6500000000000	-0.052470246115533
3.6600000000000	-0.053419220731535
3.6700000000000	-0.054389313636282
3.6800000000000	-0.055381104470563
3.6900000000000	-0.056395191656121
3.7000000000000	-0.057432193092797
3.7100000000000	-0.058492746884916
3.7200000000000	-0.059577512098095
3.7300000000000	-0.060687169547970
3.7400000000000	-0.061822422622341
3.7500000000000	-0.062983998138236
3.7600000000000	-0.064172647235632
3.7700000000000	-0.065389146309501
3.7800000000000	-0.066634297982045
3.7900000000000	-0.067908932116997
3.8000000000000	-0.069213906878088
3.8100000000000	-0.070550109833710
3.8200000000000	-0.071918459110061
3.8300000000000	-0.073319904595206
3.8400000000000	-0.074755429196340
3.8500000000000	-0.076226050153137
3.8600000000000	-0.077732820409690
3.8700000000000	-0.079276830048140
3.8800000000000	-0.080859207786951
3.8900000000000	-0.082481122547101
3.9000000000000	-0.084143785089637
3.9100000000000	-0.085848449728077
3.9200000000000	-0.087596416119627
3.9300000000000	-0.089389031139051
3.9400000000000	-0.091227690839558
3.9500000000000	-0.093113842505059
3.9600000000000	-0.095048986798642
3.9700000000000	-0.097034680012109
3.9800000000000	-0.099072536421970
3.9900000000000	-0.10116423075739
4.0000000000000	-0.10331150078594
4.0100000000000	-0.10551615002354
4.0200000000000	-0.10778005057492
4.0300000000000	-0.11010514611185
4.0400000000000	-0.11249345499622
4.0500000000000	-0.11494707355606
4.0600000000000	-0.11746817952249
4.0700000000000	-0.12005903563651
4.0800000000000	-0.12272199343481
4.0900000000000	-0.12545949722455
4.1000000000000	-0.12827408825718
4.1100000000000	-0.13116840911276
4.1200000000000	-0.13414520830603
4.1300000000000	-0.13720734512693
4.1400000000000	-0.14035779472850
4.1500000000000	-0.14359965347620
4.1600000000000	-0.14693614457343
4.1700000000000	-0.15037062397876
4.1800000000000	-0.15390658663185
4.1900000000000	-0.15754767300539
4.2000000000000	-0.16129767600208
4.2100000000000	-0.16516054821645
4.2200000000000	-0.16914040958282
4.2300000000000	-0.17324155543176
4.2400000000000	-0.17746846497918
4.2500000000000	-0.18182581027326
4.2600000000000	-0.18631846562650
4.2700000000000	-0.19095151756145
4.2800000000000	-0.19573027530085
4.2900000000000	-0.20066028183466
4.3000000000000	-0.20574732559872
4.3100000000000	-0.21099745280168
4.3200000000000	-0.21641698043973
4.3300000000000	-0.22201251004070
4.3400000000000	-0.22779094218202
4.3500000000000	-0.23375949183005
4.3600000000000	-0.23992570455102
4.3700000000000	-0.24629747364749
4.3800000000000	-0.25288305827749
4.3900000000000	-0.25969110261735
4.4000000000000	-0.26673065613319
4.4100000000000	-0.27401119503039
4.4200000000000	-0.28154264495473
4.4300000000000	-0.28933540502396
4.4400000000000	-0.29740037327358
4.4500000000000	-0.30574897360621
4.4600000000000	-0.31439318433968
4.4700000000000	-0.32334556845557
4.4800000000000	-0.33261930565605
4.4900000000000	-0.34222822634461
4.5000000000000	-0.35218684765336
4.5100000000000	-0.36251041164789
4.5200000000000	-0.37321492584906
4.5300000000000	-0.38431720622044
4.5400000000000	-0.39583492277955
4.5500000000000	-0.40778664800139
4.5600000000000	-0.42019190819369
4.5700000000000	-0.43307123803476
4.5800000000000	-0.44644623847704
4.5900000000000	-0.46033963823245
4.6000000000000	-0.47477535906899
4.6100000000000	-0.48977858516299
4.6200000000000	-0.50537583676569
4.6300000000000	-0.52159504845981
4.6400000000000	-0.53846565229753
4.6500000000000	-0.55601866612952
4.6600000000000	-0.57428678745276
4.6700000000000	-0.59330449312399
4.6800000000000	-0.61310814530570
4.6900000000000	-0.63373610403233
4.7000000000000	-0.65522884680565
4.7100000000000	-0.67762909565054
4.7200000000000	-0.70098195208536
4.7300000000000	-0.72533504048400
4.7400000000000	-0.75073866033115
4.7500000000000	-0.77724594789595
4.7600000000000	-0.80491304787406
4.7700000000000	-0.83379929557259
4.7800000000000	-0.86396741023682
4.7900000000000	-0.89548370014211
4.8000000000000	-0.92841828009819
4.8100000000000	-0.96284530203635
4.8200000000000	-0.99884319937292
4.8300000000000	-1.0364949458635
4.8400000000000	-1.0758883296838
4.8500000000000	-1.1171162434907
4.8600000000000	-1.1602769912383
4.8700000000000	-1.2054746125360
4.8800000000000	-1.2528192253562
4.8900000000000	-1.3024273879118
4.9000000000000	-1.3544224805383
4.9100000000000	-1.4089351084349
4.9200000000000	-1.4661035261317
4.9300000000000	-1.5260740845784
4.9400000000000	-1.5890017017742
4.9500000000000	-1.6550503578986
4.9600000000000	-1.7243936159564
4.9700000000000	-1.7972151690186
4.9800000000000	-1.8737094152415
4.9900000000000	-1.9540820619757
5.0000000000000	-2.0385507604518
5.0100000000000	-2.1273457727625
5.0200000000000	-2.2207106731618
5.0300000000000	-2.3189030860940
5.0400000000000	-2.4221954638598
5.0500000000000	-2.5308759074616
5.0600000000000	-2.6452490349492
5.0700000000000	-2.7656369025657
5.0800000000000	-2.8923799851795
5.0900000000000	-3.0258382239282
5.1000000000000	-3.1663921507297
5.1100000000000	-3.3144441013525
5.1200000000000	-3.4704195311279
5.1300000000000	-3.6347684501312
5.1400000000000	-3.8079669977678
5.1500000000000	-3.9905191801418
5.1600000000000	-4.1829587972821
5.1700000000000	-4.3858515911149
5.1800000000000	-4.5997976487463
5.1900000000000	-4.8254340987442
5.2000000000000	-5.0634381400065
5.2100000000000	-5.3145304424398
5.2200000000000	-5.5794789543910
5.2300000000000	-5.8591031410425
5.2400000000000	-6.1542786568359
5.2500000000000	-6.4659424172824
5.2600000000000	-6.7950979716658
5.2700000000000	-7.1428209731109
5.2800000000000	-7.5102643726509
5.2900000000000	-7.8986626918746
5.3000000000000	-8.3093342950573
5.3100000000000	-8.7436798915568
5.3200000000000	-9.2031744010191
5.3300000000000	-9.6893475649659
5.3400000000000	-10.203745902266
5.3500000000000	-10.747864175029
5.3600000000000	-11.323027524010
5.3700000000000	-11.930194494843
5.3800000000000	-12.569634558055
5.3900000000000	-13.240409807845
5.4000000000000	-13.939559881451
5.4100000000000	-14.660860592866
5.4200000000000	-15.393032183450
5.4300000000000	-16.117395960209
5.4400000000000	-16.805384469244
5.4500000000000	-17.417196238409
5.4600000000000	-17.904104736088
5.4700000000000	-18.217172868479
5.4800000000000	-18.321916407785
5.4900000000000	-18.211906254116
5.5000000000000	-17.911539414927
5.5100000000000	-17.465717567571
5.5200000000000	-16.924417873798
5.5300000000000	-16.331260419782
5.5400000000000	-15.718939026028
5.5500000000000	-15.109492214918
5.5600000000000	-14.516565763260
5.5700000000000	-13.947900245500
5.5800000000000	-13.407354415873
5.5900000000000	-12.896351850067
5.6000000000000	-12.414847874858
5.6100000000000	-11.961951290463
5.6200000000000	-11.536314313046
5.6300000000000	-11.136372480640
5.6400000000000	-10.760489386351
5.6500000000000	-10.407041766423
5.6600000000000	-10.074467528806
5.6700000000000	-9.7612909471288
5.6800000000000	-9.4661339380007
5.6900000000000	-9.1877189978702
5.7000000000000	-8.9248672776036
5.7100000000000	-8.6764939559192
5.7200000000000	-8.4416022452882
5.7300000000000	-8.2192768435239
5.7400000000000	-8.0086773170314
5.7500000000000	-7.8090316962919
5.7600000000000	-7.6196304358476
5.7700000000000	-7.4398208116113
5.7800000000000	-7.2690017799115
5.7900000000000	-7.1066192939236
5.8000000000000	-6.9521620568085
5.8100000000000	-6.8051576823414
5.8200000000000	-6.6651692301028
5.8300000000000	-6.5317920815246
5.8400000000000	-6.4046511240249
5.8500000000000	-6.2833982123578
5.8600000000000	-6.1677098786627
5.8700000000000	-6.0572852652331
5.8800000000000	-5.9518442565410
5.8900000000000	-5.8511257894701
5.9000000000000	-5.7548863229482
5.9100000000000	-5.6628984502247
5.9200000000000	-5.5749496388915
5.9300000000000	-5.4908410854100
5.9400000000000	-5.4103866723861
5.9500000000000	-5.3334120181519
5.9600000000000	-5.2597536093769
5.9700000000000	-5.1892580084593
5.9800000000000	-5.1217811283588
5.9900000000000	-5.0571875683313
6.0000000000000	-4.9953500047353
6.0100000000000	-4.9361486317050
6.0200000000000	-4.8794706470336
6.0300000000000	-4.8252097791031
6.0400000000000	-4.7732658511237
6.0500000000000	-4.7235443793317
6.0600000000000	-4.6759562021327
6.0700000000000	-4.6304171374782
6.0800000000000	-4.5868476660308
6.0900000000000	-4.5451726379138
6.1000000000000	-4.5053210010515
6.1100000000000	-4.4672255492966
6.1200000000000	-4.4308226887128
6.1300000000000	-4.3960522205288
6.1400000000000	-4.3628571394216
6.1500000000000	-4.3311834459020
6.1600000000000	-4.3009799716934
6.1700000000000	-4.2721982170857
6.1800000000000	-4.2447921993423
6.1900000000000	-4.2187183113129
6.2000000000000	-4.1939351894815
6.2100000000000	-4.1704035907423
6.2200000000000	-4.1480862772568
6.2300000000000	-4.1269479087986
6.2400000000000	-4.1069549420418
6.2500000000000	-4.0880755362937
6.2600000000000	-4.0702794652111
6.2700000000000	-4.0535380340793
6.2800000000000	-4.0378240022633
6.2900000000000	-4.0231115104733
6.3000000000000	-4.0093760125145
6.3100000000000	-3.9965942112144
6.3200000000000	-3.9847439982482
6.3300000000000	-3.9738043976000
6.3400000000000	-3.9637555124200
6.3500000000000	-3.9545784750549
6.3600000000000	-3.9462554000445
6.3700000000000	-3.9387693398944
6.3800000000000	-3.9321042434462
6.3900000000000	-3.9262449166817
6.4000000000000	-3.9211769858084
6.4100000000000	-3.9168868624838
6.4200000000000	-3.9133617110472
6.4300000000000	-3.9105894176362
6.4400000000000	-3.9085585610746
6.4500000000000	-3.9072583854238
6.4600000000000	-3.9066787741011
6.4700000000000	-3.9068102254708
6.4800000000000	-3.9076438298238
6.4900000000000	-3.9091712476640
6.5000000000000	-3.9113846892286
6.5100000000000	-3.9142768951707
6.5200000000000	-3.9178411183405
6.5300000000000	-3.9220711066038
6.5400000000000	-3.9269610866402
6.5500000000000	-3.9325057486693
6.5600000000000	-3.9387002320538
6.5700000000000	-3.9455401117338
6.5800000000000	-3.9530213854488
6.5900000000000	-3.9611404617065
6.6000000000000	-3.9698941484598
6.6100000000000	-3.9792796424575
6.6200000000000	-3.9892945192345
6.6300000000000	-3.9999367237104
6.6400000000000	-4.0112045613671
6.6500000000000	-4.0230966899783
6.6600000000000	-4.0356121118655
6.6700000000000	-4.0487501666547
6.6800000000000	-4.0625105245149
6.6900000000000	-4.0768931798528
6.7000000000000	-4.0918984454482
6.7100000000000	-4.1075269470089
6.7200000000000	-4.1237796181295
6.7300000000000	-4.1406576956368
6.7400000000000	-4.1581627153084
6.7500000000000	-4.1762965079490
6.7600000000000	-4.1950611958128
6.7700000000000	-4.2144591893582
6.7800000000000	-4.2344931843262
6.7900000000000	-4.2551661591296
6.8000000000000	-4.2764813725449
6.8100000000000	-4.2984423616980
6.8200000000000	-4.3210529403353
6.8300000000000	-4.3443171973730
6.8400000000000	-4.3682394957183
6.8500000000000	-4.3928244713557
6.8600000000000	-4.4180770326942
6.8700000000000	-4.4440023601696
6.8800000000000	-4.4706059060984
6.8900000000000	-4.4978933947795
6.9000000000000	-4.5258708228411
6.9100000000000	-4.5545444598300
6.9200000000000	-4.5839208490415
6.9300000000000	-4.6140068085896
6.9400000000000	-4.6448094327152
6.9500000000000	-4.6763360933337
6.9600000000000	-4.7085944418219
6.9700000000000	-4.7415924110449
6.9800000000000	-4.7753382176256
6.9900000000000	-4.8098403644575
7.0000000000000	-4.8451076434653
7.0100000000000	-4.8811491386158
7.0200000000000	-4.9179742291831
7.0300000000000	-4.9555925932733
7.0400000000000	-4.9940142116140
7.0500000000000	-5.0332493716140
7.0600000000000	-5.0733086717016
7.0700000000000	-5.1142030259469
7.0800000000000	-5.1559436689788
7.0900000000000	-5.1985421612036
7.1000000000000	-5.2420103943378
7.1100000000000	-5.2863605972627
7.1200000000000	-5.3316053422167
7.1300000000000	-5.3777575513349
7.1400000000000	-5.4248305035510
7.1500000000000	-5.4728378418780
7.1600000000000	-5.5217935810815
7.1700000000000	-5.5717121157651
7.1800000000000	-5.6226082288855
7.1900000000000	-5.6744971007186
7.2000000000000	-5.7273943182967
7.2100000000000	-5.7813158853425
7.2200000000000	-5.8362782327227
7.2300000000000	-5.8922982294487
7.2400000000000	-5.9493931942540
7.2500000000000	-6.0075809077777
7.2600000000000	-6.0668796253885
7.2700000000000	-6.1273080906825
7.2800000000000	-6.1888855496947
7.2900000000000	-6.2516317658635
7.3000000000000	-6.3155670357918
7.3100000000000	-6.3807122058502
7.3200000000000	-6.4470886896739
7.3300000000000	-6.5147184866040
7.3400000000000	-6.5836242011324
7.3500000000000	-6.6538290634094
7.3600000000000	-6.7253569508804
7.3700000000000	-6.7982324111214
7.3800000000000	-6.8724806859482
7.3900000000000	-6.9481277368800
7.4000000000000	-7.0252002720428
7.4100000000000	-7.1037257746063
7.4200000000000	-7.1837325328531
7.4300000000000	-7.2652496719858
7.4400000000000	-7.3483071877883
7.4500000000000	-7.4329359822623
7.4600000000000	-7.5191679013727
7.4700000000000	-7.6070357750428
7.4800000000000	-7.6965734595526
7.4900000000000	-7.7878158825042
7.5000000000000	-7.8807990905319
7.5100000000000	-7.9755602999463
7.5200000000000	-8.0721379505193
7.5300000000000	-8.1705717626289
7.5400000000000	-8.2709027980051
7.5500000000000	-8.3731735243313
7.5600000000000	-8.4774278839807
7.5700000000000	-8.5837113671861
7.5800000000000	-8.6920710899680
7.5900000000000	-8.8025558771676
7.6000000000000	-8.9152163509661
7.6100000000000	-9.0301050252940
7.6200000000000	-9.1472764065742
7.6300000000000	-9.2667871012743
7.6400000000000	-9.3886959307829
7.6500000000000	-9.5130640541671
7.6600000000000	-9.6399550994123
7.6700000000000	-9.7694353037956
7.6800000000000	-9.9015736640926
7.6900000000000	-10.036442097377
7.7000000000000	-10.174115613232
7.7100000000000	-10.314672498242
7.7200000000000	-10.458194513732
7.7300000000000	-10.604767107750
7.7400000000000	-10.754479642390
7.7500000000000	-10.907425637621
7.7600000000000	-11.063703032848
7.7700000000000	-11.223414467530
7.7800000000000	-11.386667582218
7.7900000000000	-11.553575341467
7.8000000000000	-11.724256380099
7.8100000000000	-11.898835374357
7.8200000000000	-12.077443439452
7.8300000000000	-12.260218555009
7.8400000000000	-12.447306019804
7.8500000000000	-12.638858937024
7.8600000000000	-12.835038731019
7.8700000000000	-13.036015696093
7.8800000000000	-13.241969577307
7.8900000000000	-13.453090182390
7.9000000000000	-13.669578022689
7.9100000000000	-13.891644979431
7.9200000000000	-14.119514989320
7.9300000000000	-14.353424740450
7.9400000000000	-14.593624365332
7.9500000000000	-14.840378112264
7.9600000000000	-15.093964968709
7.9700000000000	-15.354679200209
7.9800000000000	-15.622830754681
7.9900000000000	-15.898745463598
8.0000000000000	-16.182764946864
8.0100000000000	-16.475246094922
8.0200000000000	-16.776559956936
8.0300000000000	-17.087089803584
8.0400000000000	-17.407228051868
8.0500000000000	-17.737371630071
8.0600000000000	-18.077915214091
8.0700000000000	-18.429241569461
8.0800000000000	-18.791707970456
8.0900000000000	-19.165627319497
8.1000000000000	-19.551242133996
8.1100000000000	-19.948688981417
8.1200000000000	-20.357950210485
8.1300000000000	-20.778788952768
8.1400000000000	-21.210662411090
8.1500000000000	-21.652607572850
8.1600000000000	-22.103093053498
8.1700000000000	-22.559831509682
8.1800000000000	-23.019550250043
8.1900000000000	-23.477725378355
8.2000000000000	-23.928299876655
8.2100000000000	-24.363431405192
8.2200000000000	-24.773351963008
8.2300000000000	-25.146462522032
8.2400000000000	-25.469811047204
8.2500000000000	-25.730074769193
8.2600000000000	-25.915046636609
8.2700000000000	-26.015408452718
8.2800000000000	-26.026342611015
8.2900000000000	-25.948451389743
8.3000000000000	-25.787638368463
8.3100000000000	-25.553998102804
8.3200000000000	-25.260123122484
8.3300000000000	-24.919361999187
8.3400000000000	-24.544432834740
8.3500000000000	-24.146556710521
8.3600000000000	-23.735075652026
8.3700000000000	-23.317421475331
8.3800000000000	-22.899289622572
8.3900000000000	-22.484903434546
8.4000000000000	-22.077295419127
8.4100000000000	-21.678566245436
8.4200000000000	-21.290105127404
8.4300000000000	-20.912768460558
8.4400000000000	-20.547020078990
8.4500000000000	-20.193039006816
8.4600000000000	-19.850800971907
8.4700000000000	-19.520139373529
8.4800000000000	-19.200790477556
8.4900000000000	-18.892426664381
8.5000000000000	-18.594680709232
8.5100000000000	-18.307163374225
8.5200000000000	-18.029476035296
8.5300000000000	-17.761219636561
8.5400000000000	-17.502000936873
8.5500000000000	-17.251436766350
8.5600000000000	-17.009156825858
8.5700000000000	-16.774805424668
8.5800000000000	-16.548042449093
8.5900000000000	-16.328543778861
8.6000000000000	-16.116001311476
8.6100000000000	-15.910122712921
8.6200000000000	-15.710630981862
8.6300000000000	-15.517263891403
8.6400000000000	-15.329773355177
8.6500000000000	-15.147924751808
8.6600000000000	-14.971496232212
8.6700000000000	-14.800278027172
8.6800000000000	-14.634071767352
8.6900000000000	-14.472689824033
8.7000000000000	-14.315954676012
8.7100000000000	-14.163698305967
8.7200000000000	-14.015761628094
8.7300000000000	-13.871993947687
8.7400000000000	-13.732252452563
8.7500000000000	-13.596401735687
8.7600000000000	-13.464313347945
8.7700000000000	-13.335865379819
8.7800000000000	-13.210942070530
8.7900000000000	-13.089433443163
8.8000000000000	-12.971234964244
8.8100000000000	-12.856247226274
8.8200000000000	-12.744375651728
8.8300000000000	-12.635530217111
8.8400000000000	-12.529625195709
8.8500000000000	-12.426578917750
8.8600000000000	-12.326313546754
8.8700000000000	-12.228754870950
8.8800000000000	-12.133832108672
8.8900000000000	-12.041477726769
8.9000000000000	-11.951627271078
8.9100000000000	-11.864219208125
8.9200000000000	-11.779194777239
8.9300000000000	-11.696497852361
8.9400000000000	-11.616074812848
8.9500000000000	-11.537874422660
8.9600000000000	-11.461847717326
8.9700000000000	-11.387947898170
8.9800000000000	-11.316130233285
8.9900000000000	-11.246351964807
9.0000000000000	-11.178572222047
9.0100000000000	-11.112751940116
9.0200000000000	-11.048853783652
9.0300000000000	-10.986842075331
9.0400000000000	-10.926682728854
9.0500000000000	-10.868343186117
9.0600000000000	-10.811792358299
9.0700000000000	-10.757000570638
9.0800000000000	-10.703939510655
9.0900000000000	-10.652582179622
9.1000000000000	-10.602902847091
9.1100000000000	-10.554877008292
9.1200000000000	-10.508481344243
9.1300000000000	-10.463693684428
9.1400000000000	-10.420492971886
9.1500000000000	-10.378859230597
9.1600000000000	-10.338773535034
9.1700000000000	-10.300217981789
9.1800000000000	-10.263175663141
9.1900000000000	-10.227630642511
9.2000000000000	-10.193567931683
9.2100000000000	-10.160973469733
9.2200000000000	-10.129834103593
9.2300000000000	-10.100137570175
9.2400000000000	-10.071872479992
9.2500000000000	-10.045028302246
9.2600000000000	-10.019595351297
9.2700000000000	-9.9955647744995
9.2800000000000	-9.9729285413476
9.2900000000000	-9.9516794339012
9.3000000000000	-9.9318110384600
9.3100000000000	-9.9133177384569
9.3200000000000	-9.8961947085489
9.3300000000000	-9.8804379098852
9.3400000000000	-9.8660440865355
9.3500000000000	-9.8530107630681
9.3600000000000	-9.8413362432668
9.3700000000000	-9.8310196099832
9.3800000000000	-9.8220607261200
9.3900000000000	-9.8144602367490
9.4000000000000	-9.8082195723675
9.4100000000000	-9.8033409533010
9.4200000000000	-9.7998273952647
9.4300000000000	-9.7976827160986
9.4400000000000	-9.7969115436949
9.4500000000000	-9.7975193251402
9.4600000000000	-9.7995123370992
9.4700000000000	-9.8028976974688
9.4800000000000	-9.8076833783382
9.4900000000000	-9.8138782202923
9.5000000000000	-9.8214919481010
9.5100000000000	-9.8305351878434
9.5200000000000	-9.8410194855162
9.5300000000000	-9.8529573271865
9.5400000000000	-9.8663621607495
9.5500000000000	-9.8812484193609
9.5600000000000	-9.8976315466171
9.5700000000000	-9.9155280235653
9.5800000000000	-9.9349553976309
9.5900000000000	-9.9559323135561
9.6000000000000	-9.9784785464553
9.6100000000000	-10.002615037096
9.6200000000000	-10.028363929527
9.6300000000000	-10.055748611183
9.6400000000000	-10.084793755612
9.6500000000000	-10.115525367961
9.6600000000000	-10.147970833408
9.6700000000000	-10.182158968697
9.6800000000000	-10.218120076972
9.6900000000000	-10.255886006126
9.7000000000000	-10.295490210868
9.7100000000000	-10.336967818771
9.7200000000000	-10.380355700537
9.7300000000000	-10.425692544776
9.7400000000000	-10.473018937585
9.7500000000000	-10.522377447269
9.7600000000000	-10.573812714537
9.7700000000000	-10.627371548565
9.7800000000000	-10.683103029320
9.7900000000000	-10.741058616601
9.8000000000000	-10.801292266252
9.8100000000000	-10.863860554071
9.8200000000000	-10.928822807955
9.8300000000000	-10.996241248869
9.8400000000000	-11.066181141283
9.8500000000000	-11.138710953739
9.8600000000000	-11.213902530279
9.8700000000000	-11.291831273519
9.8800000000000	-11.372576340174
9.8900000000000	-11.456220849920
9.9000000000000	-11.542852108514
9.9100000000000	-11.632561846132
9.9200000000000	-11.725446471954
9.9300000000000	-11.821607346006
9.9400000000000	-11.921151069361
9.9500000000000	-12.024189793731
9.9600000000000	-12.130841551524
9.9700000000000	-12.241230607347
9.9800000000000	-12.355487831857
9.9900000000000	-12.473751098688
10.000000000000	-12.596165704971
10.010000000000	-12.722884815571
10.020000000000	-12.854069930715
10.030000000000	-12.989891375983
10.040000000000	-13.130528812686
10.050000000000	-13.276171765430
10.060000000000	-13.427020161921
10.070000000000	-13.583284877821
10.080000000000	-13.745188276406
10.090000000000	-13.912964728756
10.100000000000	-14.086861094846
10.110000000000	-14.267137138775
10.120000000000	-14.454065841983
10.130000000000	-14.647933565777
10.140000000000	-14.849039997941
10.150000000000	-15.057697796223
10.160000000000	-15.274231812350
10.170000000000	-15.498977741478
10.180000000000	-15.732279990638
10.190000000000	-15.974488491488
10.200000000000	-16.225954092253
10.210000000000	-16.487022044025
10.220000000000	-16.758022938751
10.230000000000	-17.039260249148
10.240000000000	-17.330993351567
10.250000000000	-17.633414567206
10.260000000000	-17.946618322218
10.270000000000	-18.270559996945
10.280000000000	-18.605001420011
10.290000000000	-18.949439313585
10.300000000000	-19.303012435606
10.310000000000	-19.664382951490
10.320000000000	-20.031588187138
10.330000000000	-20.401861200568
10.340000000000	-20.771423859905
10.350000000000	-21.135266093556
10.360000000000	-21.486941528721
10.370000000000	-21.818433556131
10.380000000000	-22.120173916014
10.390000000000	-22.381317597080
10.400000000000	-22.590372309432
10.410000000000	-22.736221331065
10.420000000000	-22.809451366597
10.430000000000	-22.803731279258
10.440000000000	-22.716868799620
10.450000000000	-22.551201749823
10.460000000000	-22.313185680802
10.470000000000	-22.012323314407
10.480000000000	-21.659782522487
10.490000000000	-21.267074094836
10.500000000000	-20.845039071592
10.510000000000	-20.403229781623
10.520000000000	-19.949643276849
10.530000000000	-19.490708156715
10.540000000000	-19.031421336717
10.550000000000	-18.575553412747
10.560000000000	-18.125869311891
10.570000000000	-17.684334560300
10.580000000000	-17.252293852148
10.590000000000	-16.830618427904
10.600000000000	-16.419823918750
10.610000000000	-16.020162539384
10.620000000000	-15.631694099128
10.630000000000	-15.254340073396
10.640000000000	-14.887924412030
10.650000000000	-14.532204111378
10.660000000000	-14.186891964319
10.670000000000	-13.851673374693
10.680000000000	-13.526218690302
10.690000000000	-13.210192165251
10.700000000000	-12.903258395076
10.710000000000	-12.605086862486
10.720000000000	-12.315355074899
10.730000000000	-12.033750656121
10.740000000000	-11.759972664763
10.750000000000	-11.493732344304
10.760000000000	-11.234753458685
10.770000000000	-10.982772328922
10.780000000000	-10.737537657274
10.790000000000	-10.498810203706
10.800000000000	-10.266362362916
10.810000000000	-10.039977677827
10.820000000000	-9.8194503160519
10.830000000000	-9.6045845288153
10.840000000000	-9.3951941064453
10.850000000000	-9.1911018405835
10.860000000000	-8.9921390002137
10.870000000000	-8.7981448263550
10.880000000000	-8.6089660485740
10.890000000000	-8.4244564252054
10.900000000000	-8.2444763082473
10.910000000000	-8.0688922332088
10.920000000000	-7.8975765337007
10.930000000000	-7.7304069802073
10.940000000000	-7.5672664422384
10.950000000000	-7.4080425728976
10.960000000000	-7.2526275148060
10.970000000000	-7.1009176262617
10.980000000000	-6.9528132264997
10.990000000000	-6.8082183589133
11.000000000000	-6.6670405711235
11.010000000000	-6.5291907108109
11.020000000000	-6.3945827362692
11.030000000000	-6.2631335406809
11.040000000000	-6.1347627891688
11.050000000000	-6.0093927677237
11.060000000000	-5.8869482431616
11.070000000000	-5.7673563333134
11.080000000000	-5.6505463866972
11.090000000000	-5.5364498709733
11.100000000000	-5.4250002695248
11.110000000000	-5.3161329855505
11.120000000000	-5.2097852531003
11.130000000000	-5.1058960545179
11.140000000000	-5.0044060437963
11.150000000000	-4.9052574753838
11.160000000000	-4.8083941380130
11.170000000000	-4.7137612931524
11.180000000000	-4.6213056177140
11.190000000000	-4.5309751506720
11.200000000000	-4.4427192432769
11.210000000000	-4.3564885125709
11.220000000000	-4.2722347979332
11.230000000000	-4.1899111204039
11.240000000000	-4.1094716445562
11.250000000000	-4.0308716427019
11.260000000000	-3.9540674612343
11.270000000000	-3.8790164889276
11.280000000000	-3.8056771270253
11.290000000000	-3.7340087609662
11.300000000000	-3.6639717336059
11.310000000000	-3.5955273198070
11.320000000000	-3.5286377022795
11.330000000000	-3.4632659485634
11.340000000000	-3.3993759890567
11.350000000000	-3.3369325959985
11.360000000000	-3.2759013633247
11.370000000000	-3.2162486873250
11.380000000000	-3.1579417480316
11.390000000000	-3.1009484912794
11.400000000000	-3.0452376113833
11.410000000000	-2.9907785343820
11.420000000000	-2.9375414018033
11.430000000000	-2.8854970549127
11.440000000000	-2.8346170194046
11.450000000000	-2.7848734905092
11.460000000000	-2.7362393184810
11.470000000000	-2.6886879944457
11.480000000000	-2.6421936365821
11.490000000000	-2.5967309766162
11.500000000000	-2.5522753466131
11.510000000000	-2.5088026660459
11.520000000000	-2.4662894291307
11.530000000000	-2.4247126924140
11.540000000000	-2.3840500625995
11.550000000000	-2.3442796846085
11.560000000000	-2.3053802298600
11.570000000000	-2.2673308847681
11.580000000000	-2.2301113394467
11.590000000000	-2.1937017766160
11.600000000000	-2.1580828607073
11.610000000000	-2.1232357271606
11.620000000000	-2.0891419719110
11.630000000000	-2.0557836410602
11.640000000000	-2.0231432207319
11.650000000000	-1.9912036271049
11.660000000000	-1.9599481966257
11.670000000000	-1.9293606763950
11.680000000000	-1.8994252147281
11.690000000000	-1.8701263518866
11.700000000000	-1.8414490109800
11.710000000000	-1.8133784890354
11.720000000000	-1.7859004482341
11.730000000000	-1.7590009073131
11.740000000000	-1.7326662331313
11.750000000000	-1.7068831323972
11.760000000000	-1.6816386435583
11.770000000000	-1.6569201288492
11.780000000000	-1.6327152664997
11.790000000000	-1.6090120430974
11.800000000000	-1.5857987461072
11.810000000000	-1.5630639565437
11.820000000000	-1.5407965417962
11.830000000000	-1.5189856486033
11.840000000000	-1.4976206961779
11.850000000000	-1.4766913694777
11.860000000000	-1.4561876126223
11.870000000000	-1.4360996224530
11.880000000000	-1.4164178422352
11.890000000000	-1.3971329555001
11.900000000000	-1.3782358800244
11.910000000000	-1.3597177619465
11.920000000000	-1.3415699700163
11.930000000000	-1.3237840899770
11.940000000000	-1.3063519190770
11.950000000000	-1.2892654607101
11.960000000000	-1.2725169191809
11.970000000000	-1.2560986945940
11.980000000000	-1.2400033778656
11.990000000000	-1.2242237458533
12.000000000000	-1.2087527566044
