#Parameters = {d=1; g=0.5; h=2.4; l=6; m=3; p=0.5; phi=0; s=1.1; t=0.035; theta=0; w=7}
#"Frequency / GHz"	"SZmax(2),Zmax(1) (s=1.1) [Magnitude]"
#--------------------------------------------------------
2.0000000000000	-47.531415753617
2.0100000000000	-47.380658718526
2.0200000000000	-47.230412422608
2.0300000000000	-47.080670494962
2.0400000000000	-46.931426633013
2.0500000000000	-46.782674601766
2.0600000000000	-46.634408233019
2.0700000000000	-46.486621424589
2.0800000000000	-46.339308139508
2.0900000000000	-46.192462405236
2.1000000000000	-46.046078312833
2.1100000000000	-45.900150016180
2.1200000000000	-45.754671731125
2.1300000000000	-45.609637734675
2.1400000000000	-45.465042364206
2.1500000000000	-45.320880016581
2.1600000000000	-45.177145147387
2.1700000000000	-45.033832270062
2.1800000000000	-44.890935955130
2.1900000000000	-44.748450829312
2.2000000000000	-44.606371574779
2.2100000000000	-44.464692928289
2.2200000000000	-44.323409680401
2.2300000000000	-44.182516674655
2.2400000000000	-44.042008806783
2.2500000000000	-43.901881023904
2.2600000000000	-43.762128323712
2.2700000000000	-43.622745753776
2.2800000000000	-43.483728410617
2.2900000000000	-43.345071439063
2.3000000000000	-43.206770031414
2.3100000000000	-43.068819426671
2.3200000000000	-42.931214909853
2.3300000000000	-42.793951811128
2.3400000000000	-42.657025505214
2.3500000000000	-42.520431410520
2.3600000000000	-42.384164988473
2.3700000000000	-42.248221742808
2.3800000000000	-42.112597218826
2.3900000000000	-41.977287002692
2.4000000000000	-41.842286720745
2.4100000000000	-41.707592038800
2.4200000000000	-41.573198661485
2.4300000000000	-41.439102331477
2.4400000000000	-41.305298828976
2.4500000000000	-41.171783970888
2.4600000000000	-41.038553610289
2.4700000000000	-40.905603635723
2.4800000000000	-40.772929970532
2.4900000000000	-40.640528572274
2.5000000000000	-40.508395432078
2.5100000000000	-40.376526574011
2.5200000000000	-40.244918054469
2.5300000000000	-40.113565961578
2.5400000000000	-39.982466414581
2.5500000000000	-39.851615563262
2.5600000000000	-39.721009587323
2.5700000000000	-39.590644695855
2.5800000000000	-39.460517126713
2.5900000000000	-39.330623145981
2.6000000000000	-39.200959047394
2.6100000000000	-39.071521151800
2.6200000000000	-38.942305806578
2.6300000000000	-38.813309385123
2.6400000000000	-38.684528286306
2.6500000000000	-38.555958933932
2.6600000000000	-38.427597776216
2.6700000000000	-38.299441285239
2.6800000000000	-38.171485956508
2.6900000000000	-38.043728308346
2.7000000000000	-37.916164881459
2.7100000000000	-37.788792238410
2.7200000000000	-37.661606963120
2.7300000000000	-37.534605660395
2.7400000000000	-37.407784955428
2.7500000000000	-37.281141493312
2.7600000000000	-37.154671938592
2.7700000000000	-37.028372974764
2.7800000000000	-36.902241303825
2.7900000000000	-36.776273645810
2.8000000000000	-36.650466738311
2.8100000000000	-36.524817336069
2.8200000000000	-36.399322210473
2.8300000000000	-36.273978149157
2.8400000000000	-36.148781955522
2.8500000000000	-36.023730448316
2.8600000000000	-35.898820461198
2.8700000000000	-35.774048842304
2.8800000000000	-35.649412453812
2.8900000000000	-35.524908171529
2.9000000000000	-35.400532884450
2.9100000000000	-35.276283494364
2.9200000000000	-35.152156915413
2.9300000000000	-35.028150073698
2.9400000000000	-34.904259906851
2.9500000000000	-34.780483363644
2.9600000000000	-34.656817403568
2.9700000000000	-34.533258996442
2.9800000000000	-34.409805122001
2.9900000000000	-34.286452769514
3.0000000000000	-34.163198937366
3.0100000000000	-34.040040632678
3.0200000000000	-33.916974870914
3.0300000000000	-33.793998675481
3.0400000000000	-33.671109077357
3.0500000000000	-33.548303114682
3.0600000000000	-33.425577832391
3.0700000000000	-33.302930281821
3.0800000000000	-33.180357520331
3.0900000000000	-33.057856610916
3.1000000000000	-32.935424621839
3.1100000000000	-32.813058626235
3.1200000000000	-32.690755701744
3.1300000000000	-32.568512930136
3.1400000000000	-32.446327396926
3.1500000000000	-32.324196191003
3.1600000000000	-32.202116404262
3.1700000000000	-32.080085131214
3.1800000000000	-31.958099468630
3.1900000000000	-31.836156515156
3.2000000000000	-31.714253370947
3.2100000000000	-31.592387137290
3.2200000000000	-31.470554916235
3.2300000000000	-31.348753810221
3.2400000000000	-31.226980921709
3.2500000000000	-31.105233352802
3.2600000000000	-30.983508204879
3.2700000000000	-30.861802578220
3.2800000000000	-30.740113571640
3.2900000000000	-30.618438282103
3.3000000000000	-30.496773804364
3.3100000000000	-30.375117230585
3.3200000000000	-30.253465649968
3.3300000000000	-30.131816148375
3.3400000000000	-30.010165807956
3.3500000000000	-29.888511706773
3.3600000000000	-29.766850918424
3.3700000000000	-29.645180511664
3.3800000000000	-29.523497550027
3.3900000000000	-29.401799091450
3.4000000000000	-29.280082187890
3.4100000000000	-29.158343884945
3.4200000000000	-29.036581221470
3.4300000000000	-28.914791229197
3.4400000000000	-28.792970932349
3.4500000000000	-28.671117347255
3.4600000000000	-28.549227481966
3.4700000000000	-28.427298335862
3.4800000000000	-28.305326899270
3.4900000000000	-28.183310153072
3.5000000000000	-28.061245068311
3.5100000000000	-27.939128605803
3.5200000000000	-27.816957715741
3.5300000000000	-27.694729337300
3.5400000000000	-27.572440398246
3.5500000000000	-27.450087814531
3.5600000000000	-27.327668489903
3.5700000000000	-27.205179315500
3.5800000000000	-27.082617169455
3.5900000000000	-26.959978916493
3.6000000000000	-26.837261407526
3.6100000000000	-26.714461479254
3.6200000000000	-26.591575953759
3.6300000000000	-26.468601638102
3.6400000000000	-26.345535323915
3.6500000000000	-26.222373786999
3.6600000000000	-26.099113786915
3.6700000000000	-25.975752066580
3.6800000000000	-25.852285351858
3.6900000000000	-25.728710351158
3.7000000000000	-25.605023755024
3.7100000000000	-25.481222235733
3.7200000000000	-25.357302446890
3.7300000000000	-25.233261023022
3.7400000000000	-25.109094579180
3.7500000000000	-24.984799710535
3.7600000000000	-24.860372991981
3.7700000000000	-24.735810977740
3.7800000000000	-24.611110200965
3.7900000000000	-24.486267173351
3.8000000000000	-24.361278384750
3.8100000000000	-24.236140302786
3.8200000000000	-24.110849372475
3.8300000000000	-23.985402015853
3.8400000000000	-23.859794631610
3.8500000000000	-23.734023594723
3.8600000000000	-23.608085256107
3.8700000000000	-23.481975942264
3.8800000000000	-23.355691954948
3.8900000000000	-23.229229570830
3.9000000000000	-23.102585041187
3.9100000000000	-22.975754591585
3.9200000000000	-22.848734421592
3.9300000000000	-22.721520704491
3.9400000000000	-22.594109587012
3.9500000000000	-22.466497189083
3.9600000000000	-22.338679603591
3.9700000000000	-22.210652896172
3.9800000000000	-22.082413105009
3.9900000000000	-21.953956240661
4.0000000000000	-21.825278285913
4.0100000000000	-21.696375195649
4.0200000000000	-21.567242896754
4.0300000000000	-21.437877288053
4.0400000000000	-21.308274240265
4.0500000000000	-21.178429596010
4.0600000000000	-21.048339169841
4.0700000000000	-20.917998748321
4.0800000000000	-20.787404090142
4.0900000000000	-20.656550926291
4.1000000000000	-20.525434960260
4.1100000000000	-20.394051868320
4.1200000000000	-20.262397299841
4.1300000000000	-20.130466877680
4.1400000000000	-19.998256198634
4.1500000000000	-19.865760833959
4.1600000000000	-19.732976329970
4.1700000000000	-19.599898208719
4.1800000000000	-19.466521968757
4.1900000000000	-19.332843085998
4.2000000000000	-19.198857014669
4.2100000000000	-19.064559188377
4.2200000000000	-18.929945021282
4.2300000000000	-18.795009909400
4.2400000000000	-18.659749232024
4.2500000000000	-18.524158353296
4.2600000000000	-18.388232623919
4.2700000000000	-18.251967383031
4.2800000000000	-18.115357960250
4.2900000000000	-17.978399677893
4.3000000000000	-17.841087853401
4.3100000000000	-17.703417801957
4.3200000000000	-17.565384839333
4.3300000000000	-17.426984284971
4.3400000000000	-17.288211465318
4.3500000000000	-17.149061717420
4.3600000000000	-17.009530392817
4.3700000000000	-16.869612861733
4.3800000000000	-16.729304517595
4.3900000000000	-16.588600781907
4.4000000000000	-16.447497109484
4.4100000000000	-16.305988994096
4.4200000000000	-16.164071974521
4.4300000000000	-16.021741641063
4.4400000000000	-15.878993642540
4.4500000000000	-15.735823693788
4.4600000000000	-15.592227583719
4.4700000000000	-15.448201183947
4.4800000000000	-15.303740458051
4.4900000000000	-15.158841471483
4.5000000000000	-15.013500402196
4.5100000000000	-14.867713552012
4.5200000000000	-14.721477358791
4.5300000000000	-14.574788409454
4.5400000000000	-14.427643453902
4.5500000000000	-14.280039419912
4.5600000000000	-14.131973429039
4.5700000000000	-13.983442813623
4.5800000000000	-13.834445134939
4.5900000000000	-13.684978202585
4.6000000000000	-13.535040095172
4.6100000000000	-13.384629182398
4.6200000000000	-13.233744148592
4.6300000000000	-13.082384017817
4.6400000000000	-12.930548180623
4.6500000000000	-12.778236422548
4.6600000000000	-12.625448954473
4.6700000000000	-12.472186444928
4.6800000000000	-12.318450054470
4.6900000000000	-12.164241472242
4.7000000000000	-12.009562954835
4.7100000000000	-11.854417367570
4.7200000000000	-11.698808228341
4.7300000000000	-11.542739754125
4.7400000000000	-11.386216910321
4.7500000000000	-11.229245463023
4.7600000000000	-11.071832034387
4.7700000000000	-10.913984161206
4.7800000000000	-10.755710356844
4.7900000000000	-10.597020176654
4.8000000000000	-10.437924287002
4.8100000000000	-10.278434538028
4.8200000000000	-10.118564040250
4.8300000000000	-9.9583272451110
4.8400000000000	-9.7977400295622
4.8500000000000	-9.6368197847435
4.8600000000000	-9.4755855088127
4.8700000000000	-9.3140579039423
4.8800000000000	-9.1522594774717
4.8900000000000	-8.9902146471668
4.9000000000000	-8.8279498504937
4.9100000000000	-8.6654936577625
4.9200000000000	-8.5028768889391
4.9300000000000	-8.3401327338542
4.9400000000000	-8.1772968754634
4.9500000000000	-8.0144076157246
4.9600000000000	-7.8515060035610
4.9700000000000	-7.6886359642716
4.9800000000000	-7.5258444296263
4.9900000000000	-7.3631814677533
5.0000000000000	-7.2007004117808
5.0100000000000	-7.0384579860337
5.0200000000000	-6.8765144284222
5.0300000000000	-6.7149336074731
5.0400000000000	-6.5537831322668
5.0500000000000	-6.3931344533445
5.0600000000000	-6.2330629524436
5.0700000000000	-6.0736480187148
5.0800000000000	-5.9149731088700
5.0900000000000	-5.7571257885085
5.1000000000000	-5.6001977516889
5.1100000000000	-5.4442848156436
5.1200000000000	-5.2894868873996
5.1300000000000	-5.1359078989646
5.1400000000000	-4.9836557076875
5.1500000000000	-4.8328419584043
5.1600000000000	-4.6835819040548
5.1700000000000	-4.5359941816103
5.1800000000000	-4.3902005403984
5.1900000000000	-4.2463255202615
5.2000000000000	-4.1044960774464
5.2100000000000	-3.9648411567029
5.2200000000000	-3.8274912087779
5.2300000000000	-3.6925776533158
5.2400000000000	-3.5602322881295
5.2500000000000	-3.4305866468676
5.2600000000000	-3.3037713082607
5.2700000000000	-3.1799151613644
5.2800000000000	-3.0591446324967
5.2900000000000	-2.9415828808631
5.3000000000000	-2.8273489711301
5.3100000000000	-2.7165570324048
5.3200000000000	-2.6093154141556
5.3300000000000	-2.5057258505211
5.3400000000000	-2.4058826451455
5.3500000000000	-2.3098718891168
5.3600000000000	-2.2177707247153
5.3700000000000	-2.1296466674951
5.3800000000000	-2.0455569986807
5.3900000000000	-1.9655482389833
5.4000000000000	-1.8896557137169
5.4100000000000	-1.8179032175673
5.4200000000000	-1.7503027855599
5.4300000000000	-1.6868545747583
5.4400000000000	-1.6275468590493
5.4500000000000	-1.5723561371207
5.4600000000000	-1.5212473514810
5.4700000000000	-1.4741742141895
5.4800000000000	-1.4310796329263
5.4900000000000	-1.3918962292096
5.5000000000000	-1.3565469390080
5.5100000000000	-1.3249456847437
5.5200000000000	-1.2969981067710
5.5300000000000	-1.2726023418449
5.5400000000000	-1.2516498358722
5.5500000000000	-1.2340261783472
5.5600000000000	-1.2196119462784
5.5700000000000	-1.2082835460867
5.5800000000000	-1.1999140428472
5.5900000000000	-1.1943739673106
5.6000000000000	-1.1915320923287
5.6100000000000	-1.1912561715715
5.6200000000000	-1.1934136347169
5.6300000000000	-1.1978722345790
5.6400000000000	-1.2045006428787
5.6500000000000	-1.2131689925286
5.6600000000000	-1.2237493653731
5.6700000000000	-1.2361162252893
5.6800000000000	-1.2501467973905
5.6900000000000	-1.2657213947946
5.7000000000000	-1.2827236950104
5.7100000000000	-1.3010409684683
5.7200000000000	-1.3205642620792
5.7300000000000	-1.3411885409652
5.7400000000000	-1.3628127916643
5.7500000000000	-1.3853400901943
5.7600000000000	-1.4086776383711
5.7700000000000	-1.4327367717257
5.7800000000000	-1.4574329422724
5.7900000000000	-1.4826856792402
5.8000000000000	-1.5084185307209
5.8100000000000	-1.5345589890015
5.8200000000000	-1.5610384021510
5.8300000000000	-1.5877918742291
5.8400000000000	-1.6147581562759
5.8500000000000	-1.6418795300380
5.8600000000000	-1.6691016861861
5.8700000000000	-1.6963735985907
5.8800000000000	-1.7236473960351
5.8900000000000	-1.7508782325812
5.9000000000000	-1.7780241576389
5.9100000000000	-1.8050459866455
5.9200000000000	-1.8319071731300
5.9300000000000	-1.8585736828105
5.9400000000000	-1.8850138702658
5.9500000000000	-1.9111983586254
5.9600000000000	-1.9370999226292
5.9700000000000	-1.9626933753370
5.9800000000000	-1.9879554586934
5.9900000000000	-2.0128647380994
6.0000000000000	-2.0374015010872
6.0100000000000	-2.0615476601499
6.0200000000000	-2.0852866597434
6.0300000000000	-2.1086033874403
6.0400000000000	-2.1314840891938
6.0500000000000	-2.1539162886430
6.0600000000000	-2.1758887103759
6.0700000000000	-2.1973912070493
6.0800000000000	-2.2184146902553
6.0900000000000	-2.2389510650125
6.1000000000000	-2.2589931677577
6.1100000000000	-2.2785347077040
6.1200000000000	-2.2975702114335
6.1300000000000	-2.3160949705885
6.1400000000000	-2.3341049925259
6.1500000000000	-2.3515969538007
6.1600000000000	-2.3685681563453
6.1700000000000	-2.3850164862167
6.1800000000000	-2.4009403747814
6.1900000000000	-2.4163387622182
6.2000000000000	-2.4312110632165
6.2100000000000	-2.4455571347562
6.2200000000000	-2.4593772458577
6.2300000000000	-2.4726720491952
6.2400000000000	-2.4854425544704
6.2500000000000	-2.4976901034501
6.2600000000000	-2.5094163465723
6.2700000000000	-2.5206232210341
6.2800000000000	-2.5313129302738
6.2900000000000	-2.5414879247694
6.3000000000000	-2.5511508840750
6.3100000000000	-2.5603047000234
6.3200000000000	-2.5689524610262
6.3300000000000	-2.5770974374055
6.3400000000000	-2.5847430676973
6.3500000000000	-2.5918929458663
6.3600000000000	-2.5985508093790
6.3700000000000	-2.6047205280825
6.3800000000000	-2.6104060938397
6.3900000000000	-2.6156116108759
6.4000000000000	-2.6203412867915
6.4100000000000	-2.6245994242024
6.4200000000000	-2.6283904129670
6.4300000000000	-2.6317187229653
6.4400000000000	-2.6345888973949
6.4500000000000	-2.6370055465518
6.4600000000000	-2.6389733420673
6.4700000000000	-2.6404970115694
6.4800000000000	-2.6415813337454
6.4900000000000	-2.6422311337785
6.5000000000000	-2.6424512791345
6.5100000000000	-2.6422466756784
6.5200000000000	-2.6416222640972
6.5300000000000	-2.6405830166118
6.5400000000000	-2.6391339339576
6.5500000000000	-2.6372800426181
6.5600000000000	-2.6350263922930
6.5700000000000	-2.6323780535878
6.5800000000000	-2.6293401159087
6.5900000000000	-2.6259176855502
6.6000000000000	-2.6221158839617
6.6100000000000	-2.6179398461824
6.6200000000000	-2.6133947194312
6.6300000000000	-2.6084856618433
6.6400000000000	-2.6032178413413
6.6500000000000	-2.5975964346324
6.6600000000000	-2.5916266263233
6.6700000000000	-2.5853136081426
6.6800000000000	-2.5786625782647
6.6900000000000	-2.5716787407266
6.7000000000000	-2.5643673049306
6.7100000000000	-2.5567334852266
6.7200000000000	-2.5487825005675
6.7300000000000	-2.5405195742312
6.7400000000000	-2.5319499336050
6.7500000000000	-2.5230788100251
6.7600000000000	-2.5139114386675
6.7700000000000	-2.5044530584848
6.7800000000000	-2.4947089121852
6.7900000000000	-2.4846842462479
6.8000000000000	-2.4743843109718
6.8100000000000	-2.4638143605539
6.8200000000000	-2.4529796531920
6.8300000000000	-2.4418854512100
6.8400000000000	-2.4305370212012
6.8500000000000	-2.4189396341867
6.8600000000000	-2.4070985657855
6.8700000000000	-2.3950190963936
6.8800000000000	-2.3827065113695
6.8900000000000	-2.3701661012222
6.9000000000000	-2.3574031618001
6.9100000000000	-2.3444229944779
6.9200000000000	-2.3312309063394
6.9300000000000	-2.3178322103520
6.9400000000000	-2.3042322255342
6.9500000000000	-2.2904362771094
6.9600000000000	-2.2764496966478
6.9700000000000	-2.2622778221918
6.9800000000000	-2.2479259983640
6.9900000000000	-2.2333995764554
7.0000000000000	-2.2187039144922
7.0100000000000	-2.2038443772790
7.0200000000000	-2.1888263364173
7.0300000000000	-2.1736551702963
7.0400000000000	-2.1583362640561
7.0500000000000	-2.1428750095197
7.0600000000000	-2.1272768050938
7.0700000000000	-2.1115470556362
7.0800000000000	-2.0956911722882
7.0900000000000	-2.0797145722708
7.1000000000000	-2.0636226786433
7.1100000000000	-2.0474209200232
7.1200000000000	-2.0311147302649
7.1300000000000	-2.0147095480983
7.1400000000000	-1.9982108167234
7.1500000000000	-1.9816239833617
7.1600000000000	-1.9649544987629
7.1700000000000	-1.9482078166653
7.1800000000000	-1.9313893932092
7.1900000000000	-1.9145046863029
7.2000000000000	-1.8975591549401
7.2100000000000	-1.8805582584675
7.2200000000000	-1.8635074558022
7.2300000000000	-1.8464122045993
7.2400000000000	-1.8292779603668
7.2500000000000	-1.8121101755301
7.2600000000000	-1.7949142984425
7.2700000000000	-1.7776957723451
7.2800000000000	-1.7604600342725
7.2900000000000	-1.7432125139055
7.3000000000000	-1.7259586323718
7.3100000000000	-1.7087038009919
7.3200000000000	-1.6914534199738
7.3300000000000	-1.6742128770537
7.3400000000000	-1.6569875460842
7.3500000000000	-1.6397827855712
7.3600000000000	-1.6226039371585
7.3700000000000	-1.6054563240614
7.3800000000000	-1.5883452494505
7.3900000000000	-1.5712759947852
7.4000000000000	-1.5542538181000
7.4100000000000	-1.5372839522416
7.4200000000000	-1.5203716030613
7.4300000000000	-1.5035219475612
7.4400000000000	-1.4867401319975
7.4500000000000	-1.4700312699416
7.4600000000000	-1.4534004403004
7.4700000000000	-1.4368526852981
7.4800000000000	-1.4203930084218
7.4900000000000	-1.4040263723311
7.5000000000000	-1.3877576967362
7.5100000000000	-1.3715918562449
7.5200000000000	-1.3555336781820
7.5300000000000	-1.3395879403825
7.5400000000000	-1.3237593689623
7.5500000000000	-1.3080526360685
7.5600000000000	-1.2924723576119
7.5700000000000	-1.2770230909854
7.5800000000000	-1.2617093327701
7.5900000000000	-1.2465355164335
7.6000000000000	-1.2315060100218
7.6100000000000	-1.2166251138505
7.6200000000000	-1.2018970581964
7.6300000000000	-1.1873260009934
7.6400000000000	-1.1729160255377
7.6500000000000	-1.1586711382033
7.6600000000000	-1.1445952661742
7.6700000000000	-1.1306922551942
7.6800000000000	-1.1169658673403
7.6900000000000	-1.1034197788213
7.7000000000000	-1.0900575778076
7.7100000000000	-1.0768827622936
7.7200000000000	-1.0638987379981
7.7300000000000	-1.0511088163056
7.7400000000000	-1.0385162122526
7.7500000000000	-1.0261240425618
7.7600000000000	-1.0139353237294
7.7700000000000	-1.0019529701671
7.7800000000000	-0.99017979240382
7.7900000000000	-0.97861849534994
7.8000000000000	-0.96727167662744
7.8100000000000	-0.95614182496954
7.8200000000000	-0.94523131869274
7.8300000000000	-0.93454242424439
7.8400000000000	-0.92407729482888
7.8500000000000	-0.91383796911517
7.8600000000000	-0.90382637002846
7.8700000000000	-0.89404430362845
7.8800000000000	-0.88449345807678
7.8900000000000	-0.87517540269571
7.9000000000000	-0.86609158712028
7.9100000000000	-0.85724334054591
7.9200000000000	-0.84863187107293
7.9300000000000	-0.84025826515000
7.9400000000000	-0.83212348711739
7.9500000000000	-0.82422837885167
7.9600000000000	-0.81657365951253
7.9700000000000	-0.80915992539264
7.9800000000000	-0.80198764987116
7.9900000000000	-0.79505718347122
8.0000000000000	-0.78836875402162
8.0100000000000	-0.78192246692267
8.0200000000000	-0.77571830551599
8.0300000000000	-0.76975613155781
8.0400000000000	-0.76403568579519
8.0500000000000	-0.75855658864424
8.0600000000000	-0.75331834096945
8.0700000000000	-0.74832032496278
8.0800000000000	-0.74356180512115
8.0900000000000	-0.73904192932080
8.1000000000000	-0.73475972998671
8.1100000000000	-0.73071412535503
8.1200000000000	-0.72690392082668
8.1300000000000	-0.72332781040956
8.1400000000000	-0.71998437824716
8.1500000000000	-0.71687210023094
8.1600000000000	-0.71398934569379
8.1700000000000	-0.71133437918175
8.1800000000000	-0.70890536230106
8.1900000000000	-0.70670035563752
8.2000000000000	-0.70471732074498
8.2100000000000	-0.70295412219973
8.2200000000000	-0.70140852971753
8.2300000000000	-0.70007822032988
8.2400000000000	-0.69896078061602
8.2500000000000	-0.69805370898727
8.2600000000000	-0.69735441802018
8.2700000000000	-0.69686023683483
8.2800000000000	-0.69656841351487
8.2900000000000	-0.69647611756548
8.3000000000000	-0.69658044240596
8.3100000000000	-0.69687840789312
8.3200000000000	-0.69736696287198
8.3300000000000	-0.69804298775038
8.3400000000000	-0.69890329709377
8.3500000000000	-0.69994464223689
8.3600000000000	-0.70116371390894
8.3700000000000	-0.70255714486872
8.3800000000000	-0.70412151254668
8.3900000000000	-0.70585334169050
8.4000000000000	-0.70774910701121
8.4100000000000	-0.70980523582657
8.4200000000000	-0.71201811069908
8.4300000000000	-0.71438407206544
8.4400000000000	-0.71689942085493
8.4500000000000	-0.71956042109385
8.4600000000000	-0.72236330249365
8.4700000000000	-0.72530426302016
8.4800000000000	-0.72837947144163
8.4900000000000	-0.73158506985346
8.5000000000000	-0.73491717617733
8.5100000000000	-0.73837188663288
8.5200000000000	-0.74194527818011
8.5300000000000	-0.74563341093060
8.5400000000000	-0.74943233052616
8.5500000000000	-0.75333807048314
8.5600000000000	-0.75734665450129
8.5700000000000	-0.76145409873575
8.5800000000000	-0.76565641403105
8.5900000000000	-0.76994960811625
8.6000000000000	-0.77432968776006
8.6100000000000	-0.77879266088546
8.6200000000000	-0.78333453864292
8.6300000000000	-0.78795133744177
8.6400000000000	-0.79263908093929
8.6500000000000	-0.79739380198713
8.6600000000000	-0.80221154453485
8.6700000000000	-0.80708836549047
8.6800000000000	-0.81202033653801
8.6900000000000	-0.81700354591203
8.7000000000000	-0.82203410012932
8.7100000000000	-0.82710812567819
8.7200000000000	-0.83222177066536
8.7300000000000	-0.83737120642121
8.7400000000000	-0.84255262906362
8.7500000000000	-0.84776226102119
8.7600000000000	-0.85299635251633
8.7700000000000	-0.85825118300907
8.7800000000000	-0.86352306260232
8.7900000000000	-0.86880833340939
8.8000000000000	-0.87410337088485
8.8100000000000	-0.87940458511943
8.8200000000000	-0.88470842210034
8.8300000000000	-0.89001136493776
8.8400000000000	-0.89530993505881
8.8500000000000	-0.90060069337019
8.8600000000000	-0.90588024139059
8.8700000000000	-0.91114522235419
8.8800000000000	-0.91639232228656
8.8900000000000	-0.92161827105431
8.9000000000000	-0.92681984338971
8.9100000000000	-0.93199385989190
8.9200000000000	-0.93713718800585
8.9300000000000	-0.94224674298075
8.9400000000000	-0.94731948880914
8.9500000000000	-0.95235243914828
8.9600000000000	-0.95734265822542
8.9700000000000	-0.96228726172821
8.9800000000000	-0.96718341768213
8.9900000000000	-0.97202834731617
9.0000000000000	-0.97681932591855
9.0100000000000	-0.98155368368402
9.0200000000000	-0.98622880655411
9.0300000000000	-0.99084213705237
9.0400000000000	-0.99539117511564
9.0500000000000	-0.99987347892348
9.0600000000000	-1.0042866657270
9.0700000000000	-1.0086284126788
9.0800000000000	-1.0128964576661
9.0900000000000	-1.0170886001472
9.1000000000000	-1.0212027019955
9.1100000000000	-1.0252366883497
9.1200000000000	-1.0291885484742
9.1300000000000	-1.0330563366296
9.1400000000000	-1.0368381729564
9.1500000000000	-1.0405322443724
9.1600000000000	-1.0441368054856
9.1700000000000	-1.0476501795249
9.1800000000000	-1.0510707592890
9.1900000000000	-1.0543970081165
9.2000000000000	-1.0576274608776
9.2100000000000	-1.0607607249893
9.2200000000000	-1.0637954814562
9.2300000000000	-1.0667304859376
9.2400000000000	-1.0695645698432
9.2500000000000	-1.0722966414585
9.2600000000000	-1.0749256871013
9.2700000000000	-1.0774507723111
9.2800000000000	-1.0798710430732
9.2900000000000	-1.0821857270777
9.3000000000000	-1.0843941350168
9.3100000000000	-1.0864956619192
9.3200000000000	-1.0884897885263
9.3300000000000	-1.0903760827083
9.3400000000000	-1.0921542009237
9.3500000000000	-1.0938238897229
9.3600000000000	-1.0953849872965
9.3700000000000	-1.0968374250711
9.3800000000000	-1.0981812293519
9.3900000000000	-1.0994165230148
9.4000000000000	-1.1005435272482
9.4100000000000	-1.1015625633464
9.4200000000000	-1.1024740545540
9.4300000000000	-1.1032785279649
9.4400000000000	-1.1039766164735
9.4500000000000	-1.1045690607820
9.4600000000000	-1.1050567114622
9.4700000000000	-1.1054405310742
9.4800000000000	-1.1057215963407
9.4900000000000	-1.1059011003797
9.5000000000000	-1.1059803549934
9.5100000000000	-1.1059607930158
9.5200000000000	-1.1058439707176
9.5300000000000	-1.1056315702691
9.5400000000000	-1.1053254022607
9.5500000000000	-1.1049274082813
9.5600000000000	-1.1044396635529
9.5700000000000	-1.1038643796221
9.5800000000000	-1.1032039071070
9.5900000000000	-1.1024607384987
9.6000000000000	-1.1016375110163
9.6100000000000	-1.1007370095133
9.6200000000000	-1.0997621694353
9.6300000000000	-1.0987160798251
9.6400000000000	-1.0976019863749
9.6500000000000	-1.0964232945214
9.6600000000000	-1.0951835725831
9.6700000000000	-1.0938865549348
9.6800000000000	-1.0925361452169
9.6900000000000	-1.0911364195762
9.7000000000000	-1.0896916299328
9.7100000000000	-1.0882062072699
9.7200000000000	-1.0866847649414
9.7300000000000	-1.0851321019908
9.7400000000000	-1.0835532064775
9.7500000000000	-1.0819532588034
9.7600000000000	-1.0803376350327
9.7700000000000	-1.0787119101982
9.7800000000000	-1.0770818615871
9.7900000000000	-1.0754534719969
9.8000000000000	-1.0738329329527
9.8100000000000	-1.0722266478779
9.8200000000000	-1.0706412352067
9.8300000000000	-1.0690835314289
9.8400000000000	-1.0675605940549
9.8500000000000	-1.0660797044906
9.8600000000000	-1.0646483708080
9.8700000000000	-1.0632743303994
9.8800000000000	-1.0619655525010
9.8900000000000	-1.0607302405722
9.9000000000000	-1.0595768345137
9.9100000000000	-1.0585140127110
9.9200000000000	-1.0575506938844
9.9300000000000	-1.0566960387304
9.9400000000000	-1.0559594513348
9.9500000000000	-1.0553505803407
9.9600000000000	-1.0548793198513
9.9700000000000	-1.0545558100478
9.9800000000000	-1.0543904375034
9.9900000000000	-1.0543938351706
10.000000000000	-1.0545768820227
10.010000000000	-1.0549507023262
10.020000000000	-1.0555266645231
10.030000000000	-1.0563163796999
10.040000000000	-1.0573316996223
10.050000000000	-1.0585847143108
10.060000000000	-1.0600877491358
10.070000000000	-1.0618533614100
10.080000000000	-1.0638943364534
10.090000000000	-1.0662236831117
10.100000000000	-1.0688546287028
10.110000000000	-1.0718006133734
10.120000000000	-1.0750752838428
10.130000000000	-1.0786924865146
10.140000000000	-1.0826662599384
10.150000000000	-1.0870108266027
10.160000000000	-1.0917405840434
10.170000000000	-1.0968700952529
10.180000000000	-1.1024140783773
10.190000000000	-1.1083873956893
10.200000000000	-1.1148050418299
10.210000000000	-1.1216821313096
10.220000000000	-1.1290338852675
10.230000000000	-1.1368756174852
10.240000000000	-1.1452227196573
10.250000000000	-1.1540906459236
10.260000000000	-1.1634948966702
10.270000000000	-1.1734510016109
10.280000000000	-1.1839745021644
10.290000000000	-1.1950809331453
10.300000000000	-1.2067858037917
10.310000000000	-1.2191045781563
10.320000000000	-1.2320526548917
10.330000000000	-1.2456453464640
10.340000000000	-1.2598978578356
10.350000000000	-1.2748252646585
10.360000000000	-1.2904424910276
10.370000000000	-1.3067642868446
10.380000000000	-1.3238052048489
10.390000000000	-1.3415795773752
10.400000000000	-1.3601014929017
10.410000000000	-1.3793847724564
10.420000000000	-1.3994429459513
10.430000000000	-1.4202892285199
10.440000000000	-1.4419364969327
10.450000000000	-1.4643972661720
10.460000000000	-1.4876836662454
10.470000000000	-1.5118074193214
10.480000000000	-1.5367798172723
10.490000000000	-1.5626116997068
10.500000000000	-1.5893134325805
10.510000000000	-1.6168948874655
10.520000000000	-1.6453654215664
10.530000000000	-1.6747338585633
10.540000000000	-1.7050084703620
10.550000000000	-1.7361969598318
10.560000000000	-1.7683064446032
10.570000000000	-1.8013434419992
10.580000000000	-1.8353138551661
10.590000000000	-1.8702229604669
10.600000000000	-1.9060753961953
10.610000000000	-1.9428751526615
10.620000000000	-1.9806255636968
10.630000000000	-2.0193292996156
10.640000000000	-2.0589883616683
10.650000000000	-2.0996040780119
10.660000000000	-2.1411771012159
10.670000000000	-2.1837074073160
10.680000000000	-2.2271942964201
10.690000000000	-2.2716363948625
10.700000000000	-2.3170316588962
10.710000000000	-2.3633773799066
10.720000000000	-2.4106701911191
10.730000000000	-2.4589060757706
10.740000000000	-2.5080803767060
10.750000000000	-2.5581878073530
10.760000000000	-2.6092224640265
10.770000000000	-2.6611778395033
10.780000000000	-2.7140468378078
10.790000000000	-2.7678217901393
10.800000000000	-2.8224944718716
10.810000000000	-2.8780561205512
10.820000000000	-2.9344974548129
10.830000000000	-2.9918086941377
10.840000000000	-3.0499795793650
10.850000000000	-3.1089993938801
10.860000000000	-3.1688569853889
10.870000000000	-3.2295407881976
10.880000000000	-3.2910388459091
10.890000000000	-3.3533388344554
10.900000000000	-3.4164280853799
10.910000000000	-3.4802936092904
10.920000000000	-3.5449221194012
10.930000000000	-3.6103000550888
10.940000000000	-3.6764136053865
10.950000000000	-3.7432487323457
10.960000000000	-3.8107911941973
10.970000000000	-3.8790265682475
10.980000000000	-3.9479402734495
10.990000000000	-4.0175175925918
11.000000000000	-4.0877436940525
11.010000000000	-4.1586036530717
11.020000000000	-4.2300824724953
11.030000000000	-4.3021651029538
11.040000000000	-4.3748364624373
11.050000000000	-4.4480814552374
11.060000000000	-4.5218849902276
11.070000000000	-4.5962319984599
11.080000000000	-4.6711074500566
11.090000000000	-4.7464963703838
11.100000000000	-4.8223838554929
11.110000000000	-4.8987550868234
11.120000000000	-4.9755953451596
11.130000000000	-5.0528900238422
11.140000000000	-5.1306246412330
11.150000000000	-5.2087848524382
11.160000000000	-5.2873564602954
11.170000000000	-5.3663254256343
11.180000000000	-5.4456778768197
11.190000000000	-5.5254001185925
11.200000000000	-5.6054786402195
11.210000000000	-5.6859001229716
11.220000000000	-5.7666514469450
11.230000000000	-5.8477196972457
11.240000000000	-5.9290921695559
11.250000000000	-6.0107563751036
11.260000000000	-6.0927000450556
11.270000000000	-6.1749111343568
11.280000000000	-6.2573778250370
11.290000000000	-6.3400885290082
11.300000000000	-6.4230318903743
11.310000000000	-6.5061967872778
11.320000000000	-6.5895723333032
11.330000000000	-6.6731478784627
11.340000000000	-6.7569130097839
11.350000000000	-6.8408575515240
11.360000000000	-6.9249715650295
11.370000000000	-7.0092453482658
11.380000000000	-7.0936694350340
11.390000000000	-7.1782345938981
11.400000000000	-7.2629318268413
11.410000000000	-7.3477523676698
11.420000000000	-7.4326876801835
11.430000000000	-7.5177294561315
11.440000000000	-7.6028696129693
11.450000000000	-7.6881002914344
11.460000000000	-7.7734138529558
11.470000000000	-7.8588028769148
11.480000000000	-7.9442601577669
11.490000000000	-8.0297787020445
11.500000000000	-8.1153517252497
11.510000000000	-8.2009726486506
11.520000000000	-8.2866350959941
11.530000000000	-8.3723328901455
11.540000000000	-8.4580600496647
11.550000000000	-8.5438107853323
11.560000000000	-8.6295794966303
11.570000000000	-8.7153607681906
11.580000000000	-8.8011493662187
11.590000000000	-8.8869402348964
11.600000000000	-8.9727284927765
11.610000000000	-9.0585094291735
11.620000000000	-9.1442785005569
11.630000000000	-9.2300313269511
11.640000000000	-9.3157636883511
11.650000000000	-9.4014715211561
11.660000000000	-9.4871509146268
11.670000000000	-9.5727981073715
11.680000000000	-9.6584094838579
11.690000000000	-9.7439815709682
11.700000000000	-9.8295110345869
11.710000000000	-9.9149946762299
11.720000000000	-10.000429429719
11.730000000000	-10.085812357899
11.740000000000	-10.171140649408
11.750000000000	-10.256411615492
11.760000000000	-10.341622686874
11.770000000000	-10.426771410672
11.780000000000	-10.511855447379
11.790000000000	-10.596872567885
11.800000000000	-10.681820650566
11.810000000000	-10.766697678426
11.820000000000	-10.851501736290
11.830000000000	-10.936231008063
11.840000000000	-11.020883774039
11.850000000000	-11.105458408274
11.860000000000	-11.189953376005
11.870000000000	-11.274367231145
11.880000000000	-11.358698613813
11.890000000000	-11.442946247939
11.900000000000	-11.527108938916
11.910000000000	-11.611185571309
11.920000000000	-11.695175106623
11.930000000000	-11.779076581123
11.940000000000	-11.862889103706
11.950000000000	-11.946611853835
11.960000000000	-12.030244079517
11.970000000000	-12.113785095339
11.980000000000	-12.197234280552
11.990000000000	-12.280591077207
12.000000000000	-12.363854988344
