#Parameters = {d=1; g=0.5; h=2.4; l=6; m=3; p=0.5; phi=0; s=1.1; t=0.035; theta=0; w=7}
#"Frequency / GHz"	"SZmax(1),Zmax(1) (s=1.1) [Magnitude]"
#--------------------------------------------------------
2.0000000000000	-0.0044945929502206
2.0100000000000	-0.0045379812979308
2.0200000000000	-0.0045828905835812
2.0300000000000	-0.0046293190038827
2.0400000000000	-0.0046772651301394
2.0500000000000	-0.0047267279108971
2.0600000000000	-0.0047777066750087
2.0700000000000	-0.0048302011340995
2.0800000000000	-0.0048842113855703
2.0900000000000	-0.0049397379158369
2.1000000000000	-0.0049967816034331
2.1100000000000	-0.0050553437223037
2.1200000000000	-0.0051154259448061
2.1300000000000	-0.0051770303456431
2.1400000000000	-0.0052401594055506
2.1500000000000	-0.0053048160144462
2.1600000000000	-0.0053710034759560
2.1700000000000	-0.0054387255107196
2.1800000000000	-0.0055079862610499
2.1900000000000	-0.0055787902951950
2.2000000000000	-0.0056511426109622
2.2100000000000	-0.0057250486412754
2.2200000000000	-0.0058005142580964
2.2300000000000	-0.0058775457774815
2.2400000000000	-0.0059561499644183
2.2500000000000	-0.0060363340382060
2.2600000000000	-0.0061181056780917
2.2700000000000	-0.0062014730271496
2.2800000000000	-0.0062864446999164
2.2900000000000	-0.0063730297872014
2.3000000000000	-0.0064612378616295
2.3100000000000	-0.0065510789847438
2.3200000000000	-0.0066425637126928
2.3300000000000	-0.0067357031027700
2.3400000000000	-0.0068305087216169
2.3500000000000	-0.0069269926491300
2.3600000000000	-0.0070251674891290
2.3700000000000	-0.0071250463738840
2.3800000000000	-0.0072266429740158
2.3900000000000	-0.0073299715042503
2.4000000000000	-0.0074350467328758
2.4100000000000	-0.0075418839901923
2.4200000000000	-0.0076504991759015
2.4300000000000	-0.0077609087689683
2.4400000000000	-0.0078731298364065
2.4500000000000	-0.0079871800427853
2.4600000000000	-0.0081030776591052
2.4700000000000	-0.0082208415742407
2.4800000000000	-0.0083404913036380
2.4900000000000	-0.0084620470010144
2.5000000000000	-0.0085855294686772
2.5100000000000	-0.0087109601685373
2.5200000000000	-0.0088383612342891
2.5300000000000	-0.0089677554825845
2.5400000000000	-0.0090991664255459
2.5500000000000	-0.0092326182837076
2.5600000000000	-0.0093681359985944
2.5700000000000	-0.0095057452457210
2.5800000000000	-0.0096454724489749
2.5900000000000	-0.0097873447948361
2.6000000000000	-0.0099313902460985
2.6100000000000	-0.010077637557733
2.6200000000000	-0.010226116292428
2.6300000000000	-0.010376856835584
2.6400000000000	-0.010529890412286
2.6500000000000	-0.010685249104894
2.6600000000000	-0.010842965868763
2.6700000000000	-0.011003074551749
2.6800000000000	-0.011165609911835
2.6900000000000	-0.011330607636531
2.7000000000000	-0.011498104362019
2.7100000000000	-0.011668137693227
2.7200000000000	-0.011840746225874
2.7300000000000	-0.012015969565877
2.7400000000000	-0.012193848353201
2.7500000000000	-0.012374424283096
2.7600000000000	-0.012557740130697
2.7700000000000	-0.012743839774369
2.7800000000000	-0.012932768220292
2.7900000000000	-0.013124571629465
2.8000000000000	-0.013319297341916
2.8100000000000	-0.013516993905838
2.8200000000000	-0.013717711104199
2.8300000000000	-0.013921499984325
2.8400000000000	-0.014128412887505
2.8500000000000	-0.014338503479030
2.8600000000000	-0.014551826780735
2.8700000000000	-0.014768439202621
2.8800000000000	-0.014988398576702
2.8900000000000	-0.015211764191822
2.9000000000000	-0.015438596829331
2.9100000000000	-0.015668958798924
2.9200000000000	-0.015902913977575
2.9300000000000	-0.016140527848108
2.9400000000000	-0.016381867539456
2.9500000000000	-0.016627001868179
2.9600000000000	-0.016876001381506
2.9700000000000	-0.017128938401335
2.9800000000000	-0.017385887069808
2.9900000000000	-0.017646923396148
3.0000000000000	-0.017912125305433
3.0100000000000	-0.018181572688579
3.0200000000000	-0.018455347453223
3.0300000000000	-0.018733533578492
3.0400000000000	-0.019016217168120
3.0500000000000	-0.019303486508729
3.0600000000000	-0.019595432127027
3.0700000000000	-0.019892146851354
3.0800000000000	-0.020193725873118
3.0900000000000	-0.020500266811834
3.1000000000000	-0.020811869781061
3.1100000000000	-0.021128637457185
3.1200000000000	-0.021450675150621
3.1300000000000	-0.021778090878246
3.1400000000000	-0.022110995439672
3.1500000000000	-0.022449502494849
3.1600000000000	-0.022793728644813
3.1700000000000	-0.023143793515122
3.1800000000000	-0.023499819841504
3.1900000000000	-0.023861933559456
3.2000000000000	-0.024230263895297
3.2100000000000	-0.024604943461657
3.2200000000000	-0.024986108355629
3.2300000000000	-0.025373898260131
3.2400000000000	-0.025768456548557
3.2500000000000	-0.026169930393572
3.2600000000000	-0.026578470879189
3.2700000000000	-0.026994233116473
3.2800000000000	-0.027417376363733
3.2900000000000	-0.027848064150465
3.3000000000000	-0.028286464405780
3.3100000000000	-0.028732749590993
3.3200000000000	-0.029187096837103
3.3300000000000	-0.029649688086963
3.3400000000000	-0.030120710242337
3.3500000000000	-0.030600355316207
3.3600000000000	-0.031088820590382
3.3700000000000	-0.031586308778747
3.3800000000000	-0.032093028196210
3.3900000000000	-0.032609192933610
3.4000000000000	-0.033135023039044
3.4100000000000	-0.033670744705532
3.4200000000000	-0.034216590465483
3.4300000000000	-0.034772799392100
3.4400000000000	-0.035339617308205
3.4500000000000	-0.035917297002531
3.4600000000000	-0.036506098453952
3.4700000000000	-0.037106289063897
3.4800000000000	-0.037718143897298
3.4900000000000	-0.038341945932427
3.5000000000000	-0.038977986319965
3.5100000000000	-0.039626564651696
3.5200000000000	-0.040287989239220
3.5300000000000	-0.040962577403071
3.5400000000000	-0.041650655772728
3.5500000000000	-0.042352560597903
3.5600000000000	-0.043068638071616
3.5700000000000	-0.043799244665574
3.5800000000000	-0.044544747478294
3.5900000000000	-0.045305524596579
3.6000000000000	-0.046081965470902
3.6100000000000	-0.046874471305254
3.6200000000000	-0.047683455462073
3.6300000000000	-0.048509343882987
3.6400000000000	-0.049352575525975
3.6500000000000	-0.050213602819566
3.6600000000000	-0.051092892135056
3.6700000000000	-0.051990924277340
3.6800000000000	-0.052908194995194
3.6900000000000	-0.053845215511913
3.7000000000000	-0.054802513077159
3.7100000000000	-0.055780631541100
3.7200000000000	-0.056780131951514
3.7300000000000	-0.057801593175227
3.7400000000000	-0.058845612544761
3.7500000000000	-0.059912806531540
3.7600000000000	-0.061003811446443
3.7700000000000	-0.062119284169478
3.7800000000000	-0.063259902909522
3.7900000000000	-0.064426367995630
3.8000000000000	-0.065619402701381
3.8100000000000	-0.066839754103811
3.8200000000000	-0.068088193978353
3.8300000000000	-0.069365519731750
3.8400000000000	-0.070672555374560
3.8500000000000	-0.072010152534925
3.8600000000000	-0.073379191516086
3.8700000000000	-0.074780582398983
3.8800000000000	-0.076215266192846
3.8900000000000	-0.077684216035496
3.9000000000000	-0.079188438445968
3.9100000000000	-0.080728974631957
3.9200000000000	-0.082306901854928
3.9300000000000	-0.083923334855156
3.9400000000000	-0.085579427340310
3.9500000000000	-0.087276373540196
3.9600000000000	-0.089015409831081
3.9700000000000	-0.090797816433182
3.9800000000000	-0.092624919184566
3.9900000000000	-0.094498091395773
4.0000000000000	-0.096418755788829
4.0100000000000	-0.098388386524980
4.0200000000000	-0.10040851132593
4.0300000000000	-0.10248071369259
4.0400000000000	-0.10460663522740
4.0500000000000	-0.10678797806445
4.0600000000000	-0.10902650741358
4.0700000000000	-0.11132405422427
4.0800000000000	-0.11368251797528
4.0900000000000	-0.11610386959694
4.1000000000000	-0.11859015453267
4.1100000000000	-0.12114349594740
4.1200000000000	-0.12376609809030
4.1300000000000	-0.12646024982036
4.1400000000000	-0.12922832830322
4.1500000000000	-0.13207280288830
4.1600000000000	-0.13499623917650
4.1700000000000	-0.13800130328791
4.1800000000000	-0.14109076634115
4.1900000000000	-0.14426750915531
4.2000000000000	-0.14753452718682
4.2100000000000	-0.15089493571407
4.2200000000000	-0.15435197528385
4.2300000000000	-0.15790901743321
4.2400000000000	-0.16156957070294
4.2500000000000	-0.16533728695827
4.2600000000000	-0.16921596803453
4.2700000000000	-0.17320957272536
4.2800000000000	-0.17732222413345
4.2900000000000	-0.18155821740406
4.3000000000000	-0.18592202786284
4.3100000000000	-0.19041831958161
4.3200000000000	-0.19505195439604
4.3300000000000	-0.19982800140143
4.3400000000000	-0.20475174695442
4.3500000000000	-0.20982870520941
4.3600000000000	-0.21506462922145
4.3700000000000	-0.22046552264785
4.3800000000000	-0.22603765208428
4.3900000000000	-0.23178756007219
4.4000000000000	-0.23772207881731
4.4100000000000	-0.24384834466091
4.4200000000000	-0.25017381334909
4.4300000000000	-0.25670627614692
4.4400000000000	-0.26345387684799
4.4500000000000	-0.27042512973326
4.4600000000000	-0.27762893853563
4.4700000000000	-0.28507461647085
4.4800000000000	-0.29277190739934
4.4900000000000	-0.30073100818662
4.5000000000000	-0.30896259233539
4.5100000000000	-0.31747783496606
4.5200000000000	-0.32628843922774
4.5300000000000	-0.33540666422674
4.5400000000000	-0.34484535456479
4.5500000000000	-0.35461797158557
4.5600000000000	-0.36473862643326
4.5700000000000	-0.37522211503436
4.5800000000000	-0.38608395511993
4.5900000000000	-0.39734042541307
4.6000000000000	-0.40900860711403
4.6100000000000	-0.42110642782336
4.6200000000000	-0.43365270805167
4.6300000000000	-0.44666721047421
4.6400000000000	-0.46017069209689
4.6500000000000	-0.47418495951123
4.6600000000000	-0.48873292742514
4.6700000000000	-0.50383868066812
4.6800000000000	-0.51952753987990
4.6900000000000	-0.53582613110428
4.7000000000000	-0.55276245952155
4.7100000000000	-0.57036598756579
4.7200000000000	-0.58866771768709
4.7300000000000	-0.60770028003162
4.7400000000000	-0.62749802532734
4.7500000000000	-0.64809712327727
4.7600000000000	-0.66953566677715
4.7700000000000	-0.69185378228942
4.7800000000000	-0.71509374672098
4.7900000000000	-0.73930011116746
4.8000000000000	-0.76451983190240
4.8100000000000	-0.79080240900521
4.8200000000000	-0.81820003303722
4.8300000000000	-0.84676774019005
4.8400000000000	-0.87656357634532
4.8500000000000	-0.90764877049879
4.8600000000000	-0.94008791801553
4.8700000000000	-0.97394917419501
4.8800000000000	-1.0093044586371
4.8900000000000	-1.0462296709096
4.9000000000000	-1.0848049180289
4.9100000000000	-1.1251147542706
4.9200000000000	-1.1672484338369
4.9300000000000	-1.2113001769107
4.9400000000000	-1.2573694496315
4.9500000000000	-1.3055612585341
4.9600000000000	-1.3559864599905
4.9700000000000	-1.4087620852044
4.9800000000000	-1.4640116813115
4.9900000000000	-1.5218656691470
5.0000000000000	-1.5824617182576
5.0100000000000	-1.6459451397558
5.0200000000000	-1.7124692976456
5.0300000000000	-1.7821960392957
5.0400000000000	-1.8552961457997
5.0500000000000	-1.9319498030547
5.0600000000000	-2.0123470945091
5.0700000000000	-2.0966885166938
5.0800000000000	-2.1851855188620
5.0900000000000	-2.2780610683388
5.1000000000000	-2.3755502435288
5.1100000000000	-2.4779008569745
5.1200000000000	-2.5853741114059
5.1300000000000	-2.6982452924021
5.1400000000000	-2.8168045021166
5.1500000000000	-2.9413574395223
5.1600000000000	-3.0722262338361
5.1700000000000	-3.2097503392142
5.1800000000000	-3.3542875004870
5.1900000000000	-3.5062148016557
5.2000000000000	-3.6659298111126
5.2100000000000	-3.8338518400832
5.2200000000000	-4.0104233336168
5.2300000000000	-4.1961114165302
5.2400000000000	-4.3914096199840
5.2500000000000	-4.5968398176944
5.2600000000000	-4.8129544039686
5.2700000000000	-5.0403387484325
5.2800000000000	-5.2796139639763
5.2900000000000	-5.5314400242237
5.3000000000000	-5.7965192634554
5.3100000000000	-6.0756002833819
5.3200000000000	-6.3694822744162
5.3300000000000	-6.6790197294015
5.3400000000000	-7.0051274778051
5.3500000000000	-7.3487858868273
5.3600000000000	-7.7110459449666
5.3700000000000	-8.0930337355410
5.3800000000000	-8.4959534786910
5.3900000000000	-8.9210878012321
5.4000000000000	-9.3697930745069
5.4100000000000	-9.8434863666515
5.4200000000000	-10.343618511133
5.4300000000000	-10.871624564200
5.4400000000000	-11.428837841555
5.4500000000000	-12.016345798132
5.4600000000000	-12.634753887592
5.4700000000000	-13.283805677409
5.4800000000000	-13.961783149169
5.4900000000000	-14.664583370141
5.5000000000000	-15.384351546517
5.5100000000000	-16.107590248420
5.5200000000000	-16.812862069752
5.5300000000000	-17.468727097946
5.5400000000000	-18.033514716187
5.5500000000000	-18.459479703807
5.5600000000000	-18.703188061623
5.5700000000000	-18.739735797755
5.5800000000000	-18.572796235255
5.5900000000000	-18.232993507021
5.6000000000000	-17.765898975461
5.6100000000000	-17.218208766170
5.6200000000000	-16.628941063177
5.6300000000000	-16.026643859070
5.6400000000000	-15.430302638830
5.6500000000000	-14.851570196935
5.6600000000000	-14.296994850979
5.6700000000000	-13.769778982721
5.6800000000000	-13.271023941891
5.6900000000000	-12.800561187025
5.7000000000000	-12.357488342415
5.7100000000000	-11.940507138283
5.7200000000000	-11.548132584820
5.7300000000000	-11.178819972570
5.7400000000000	-10.831040014458
5.7500000000000	-10.503321527683
5.7600000000000	-10.194273962888
5.7700000000000	-9.9025975559017
5.7800000000000	-9.6270860019745
5.7900000000000	-9.3666247329653
5.8000000000000	-9.1201867267865
5.8100000000000	-8.8868270494471
5.8200000000000	-8.6656768680165
5.8300000000000	-8.4559373800156
5.8400000000000	-8.2568739194812
5.8500000000000	-8.0678103832493
5.8600000000000	-7.8881240481107
5.8700000000000	-7.7172408045990
5.8800000000000	-7.5546308061892
5.8900000000000	-7.3998045170923
5.9000000000000	-7.2523091334714
5.9100000000000	-7.1117253490477
5.9200000000000	-6.9776644350013
5.9300000000000	-6.8497656046495
5.9400000000000	-6.7276936349176
5.9500000000000	-6.6111367186202
5.9600000000000	-6.4998045237842
5.9700000000000	-6.3934264384743
5.9800000000000	-6.2917499817407
5.9900000000000	-6.1945393633280
6.0000000000000	-6.1015741766460
6.0100000000000	-6.0126482111911
6.0200000000000	-5.9275683721285
6.0300000000000	-5.8461536961050
6.0400000000000	-5.7682344535707
6.0500000000000	-5.6936513289655
6.0600000000000	-5.6222546710750
6.0700000000000	-5.5539038067029
6.0800000000000	-5.4884664115520
6.0900000000000	-5.4258179328623
6.1000000000000	-5.3658410589363
6.1100000000000	-5.3084252311955
6.1200000000000	-5.2534661948672
6.1300000000000	-5.2008655848041
6.1400000000000	-5.1505305432937
6.1500000000000	-5.1023733670352
6.1600000000000	-5.0563111807403
6.1700000000000	-5.0122656350659
6.1800000000000	-4.9701626268091
6.1900000000000	-4.9299320394951
6.2000000000000	-4.8915075026650
6.2100000000000	-4.8548261683298
6.2200000000000	-4.8198285031997
6.2300000000000	-4.7864580954239
6.2400000000000	-4.7546614746926
6.2500000000000	-4.7243879446540
6.2600000000000	-4.6955894266927
6.2700000000000	-4.6682203141992
6.2800000000000	-4.6422373365353
6.2900000000000	-4.6175994319689
6.3000000000000	-4.5942676289113
6.3100000000000	-4.5722049348499
6.3200000000000	-4.5513762324147
6.3300000000000	-4.5317481820663
6.3400000000000	-4.5132891309338
6.3500000000000	-4.4959690273696
6.3600000000000	-4.4797593408196
6.3700000000000	-4.4646329866446
6.3800000000000	-4.4505642555501
6.3900000000000	-4.4375287473151
6.4000000000000	-4.4255033085287
6.4100000000000	-4.4144659740686
6.4200000000000	-4.4043959120748
6.4300000000000	-4.3952733721902
6.4400000000000	-4.3870796368556
6.4500000000000	-4.3797969754646
6.4600000000000	-4.3734086011956
6.4700000000000	-4.3678986303528
6.4800000000000	-4.3632520440599
6.4900000000000	-4.3594546521599
6.5000000000000	-4.3564930591879
6.5100000000000	-4.3543546322890
6.5200000000000	-4.3530274709660
6.5300000000000	-4.3525003785472
6.5400000000000	-4.3527628352732
6.5500000000000	-4.3538049729076
6.5600000000000	-4.3556175507849
6.5700000000000	-4.3581919332112
6.5800000000000	-4.3615200681430
6.5900000000000	-4.3655944670721
6.6000000000000	-4.3704081860478
6.6100000000000	-4.3759548077775
6.6200000000000	-4.3822284247435
6.6300000000000	-4.3892236232844
6.6400000000000	-4.3969354685882
6.6500000000000	-4.4053594905500
6.6600000000000	-4.4144916704503
6.6700000000000	-4.4243284284107
6.6800000000000	-4.4348666115892
6.6900000000000	-4.4461034830775
6.7000000000000	-4.4580367114674
6.7100000000000	-4.4706643610519
6.7200000000000	-4.4839848826342
6.7300000000000	-4.4979971049136
6.7400000000000	-4.5127002264236
6.7500000000000	-4.5280938079979
6.7600000000000	-4.5441777657395
6.7700000000000	-4.5609523644746
6.7800000000000	-4.5784182116673
6.7900000000000	-4.5965762517807
6.8000000000000	-4.6154277610633
6.8100000000000	-4.6349743427467
6.8200000000000	-4.6552179226397
6.8300000000000	-4.6761607451024
6.8400000000000	-4.6978053693911
6.8500000000000	-4.7201546663583
6.8600000000000	-4.7432118154998
6.8700000000000	-4.7669803023372
6.8800000000000	-4.7914639161265
6.8900000000000	-4.8166667478859
6.9000000000000	-4.8425931887330
6.9100000000000	-4.8692479285270
6.9200000000000	-4.8966359548080
6.9300000000000	-4.9247625520290
6.9400000000000	-4.9536333010759
6.9500000000000	-4.9832540790713
6.9600000000000	-5.0136310594600
6.9700000000000	-5.0447707123724
6.9800000000000	-5.0766798052646
6.9900000000000	-5.1093654038344
7.0000000000000	-5.1428348732126
7.0100000000000	-5.1770958794296
7.0200000000000	-5.2121563911587
7.0300000000000	-5.2480246817373
7.0400000000000	-5.2847093314693
7.0500000000000	-5.3222192302103
7.0600000000000	-5.3605635802408
7.0700000000000	-5.3997518994318
7.0800000000000	-5.4397940247068
7.0900000000000	-5.4807001158088
7.1000000000000	-5.5224806593769
7.1100000000000	-5.5651464733419
7.1200000000000	-5.6087087116487
7.1300000000000	-5.6531788693160
7.1400000000000	-5.6985687878435
7.1500000000000	-5.7448906609782
7.1600000000000	-5.7921570408522
7.1700000000000	-5.8403808445073
7.1800000000000	-5.8895753608194
7.1900000000000	-5.9397542578404
7.2000000000000	-5.9909315905746
7.2100000000000	-6.0431218092088
7.2200000000000	-6.0963397678164
7.2300000000000	-6.1506007335571
7.2400000000000	-6.2059203963967
7.2500000000000	-6.2623148793713
7.2600000000000	-6.3198007494245
7.2700000000000	-6.3783950288449
7.2800000000000	-6.4381152073375
7.2900000000000	-6.4989792547603
7.3000000000000	-6.5610056345637
7.3100000000000	-6.6242133179711
7.3200000000000	-6.6886217989404
7.3300000000000	-6.7542511099529
7.3400000000000	-6.8211218386750
7.3500000000000	-6.8892551455446
7.3600000000000	-6.9586727823359
7.3700000000000	-7.0293971117608
7.3800000000000	-7.1014511281694
7.3900000000000	-7.1748584794165
7.4000000000000	-7.2496434899645
7.4100000000000	-7.3258311853013
7.4200000000000	-7.4034473177534
7.4300000000000	-7.4825183937842
7.4400000000000	-7.5630717028698
7.4500000000000	-7.6451353480570
7.4600000000000	-7.7287382783086
7.4700000000000	-7.8139103227569
7.4800000000000	-7.9006822269878
7.4900000000000	-7.9890856914932
7.5000000000000	-8.0791534124352
7.5100000000000	-8.1709191248795
7.5200000000000	-8.2644176486658
7.5300000000000	-8.3596849370963
7.5400000000000	-8.4567581286371
7.5500000000000	-8.5556756018434
7.5600000000000	-8.6564770337345
7.5700000000000	-8.7592034618626
7.5800000000000	-8.8638973503404
7.5900000000000	-8.9706026601103
7.6000000000000	-9.0793649237638
7.6100000000000	-9.1902313252423
7.6200000000000	-9.3032507847782
7.6300000000000	-9.4184740494635
7.6400000000000	-9.5359537898654
7.6500000000000	-9.6557447031414
7.6600000000000	-9.7779036231440
7.6700000000000	-9.9024896380452
7.6800000000000	-10.029564216053
7.6900000000000	-10.159191339840
7.7000000000000	-10.291437650356
7.7100000000000	-10.426372600739
7.7200000000000	-10.564068621124
7.7300000000000	-10.704601295171
7.7400000000000	-10.848049549239
7.7500000000000	-10.994495855174
7.7600000000000	-11.144026447761
7.7700000000000	-11.296731557981
7.7800000000000	-11.452705663251
7.7900000000000	-11.612047755952
7.8000000000000	-11.774861631598
7.8100000000000	-11.941256198063
7.8200000000000	-12.111345807390
7.8300000000000	-12.285250611701
7.8400000000000	-12.463096944824
7.8500000000000	-12.645017731198
7.8600000000000	-12.831152923625
7.8700000000000	-13.021649971334
7.8800000000000	-13.216664319637
7.8900000000000	-13.416359942199
7.9000000000000	-13.620909906507
7.9100000000000	-13.830496972511
7.9200000000000	-14.045314223509
7.9300000000000	-14.265565727116
7.9400000000000	-14.491467222426
7.9500000000000	-14.723246827115
7.9600000000000	-14.961145754995
7.9700000000000	-15.205419030183
7.9800000000000	-15.456336178094
7.9900000000000	-15.714181865503
8.0000000000000	-15.979256451151
8.0100000000000	-16.251876393856
8.0200000000000	-16.532374445543
8.0300000000000	-16.821099530290
8.0400000000000	-17.118416174975
8.0500000000000	-17.424703309221
8.0600000000000	-17.740352187781
8.0700000000000	-18.065763101294
8.0800000000000	-18.401340423849
8.0900000000000	-18.747485387526
8.1000000000000	-19.104585761584
8.1100000000000	-19.473001330040
8.1200000000000	-19.853043685003
8.1300000000000	-20.244948360300
8.1400000000000	-20.648836696974
8.1500000000000	-21.064664043965
8.1600000000000	-21.492149964329
8.1700000000000	-21.930685111156
8.1800000000000	-22.379208554287
8.1900000000000	-22.836049011287
8.2000000000000	-23.298724505277
8.2100000000000	-23.763698921217
8.2200000000000	-24.226103097180
8.2300000000000	-24.679445586121
8.2400000000000	-25.115366984814
8.2500000000000	-25.523531581100
8.2600000000000	-25.891792009022
8.2700000000000	-26.206781591602
8.2800000000000	-26.455043028934
8.2900000000000	-26.624651931664
8.3000000000000	-26.707052053291
8.3100000000000	-26.698596494183
8.3200000000000	-26.601260558864
8.3300000000000	-26.422251076460
8.3400000000000	-26.172665049188
8.3500000000000	-25.865683237680
8.3600000000000	-25.514840957643
8.3700000000000	-25.132736018670
8.3800000000000	-24.730281494483
8.3900000000000	-24.316428004078
8.4000000000000	-23.898205679673
8.4100000000000	-23.480940336863
8.4200000000000	-23.068536895313
8.4300000000000	-22.663765130822
8.4400000000000	-22.268515229245
8.4500000000000	-21.884011260720
8.4600000000000	-21.510982019335
8.4700000000000	-21.149793907158
8.4800000000000	-20.800552286949
8.4900000000000	-20.463177708345
8.5000000000000	-20.137462636434
8.5100000000000	-19.823113313807
8.5200000000000	-19.519780420485
8.5300000000000	-19.227081361188
8.5400000000000	-18.944616330540
8.5500000000000	-18.671979774011
8.5600000000000	-18.408768453569
8.5700000000000	-18.154587017529
8.5800000000000	-17.909051742097
8.5900000000000	-17.671792939051
8.6000000000000	-17.442456395413
8.6100000000000	-17.220704115605
8.6200000000000	-17.006214565834
8.6300000000000	-16.798682568096
8.6400000000000	-16.597818952320
8.6500000000000	-16.403350046351
8.6600000000000	-16.215017062118
8.6700000000000	-16.032575420435
8.6800000000000	-15.855794045119
8.6900000000000	-15.684454648365
8.7000000000000	-15.518351022832
8.7100000000000	-15.357288351106
8.7200000000000	-15.201082539679
8.7300000000000	-15.049559581957
8.7400000000000	-14.902554952943
8.7500000000000	-14.759913036855
8.7600000000000	-14.621486587938
8.7700000000000	-14.487136224072
8.7800000000000	-14.356729952259
8.7900000000000	-14.230142724794
8.8000000000000	-14.107256024682
8.8100000000000	-13.987957478810
8.8200000000000	-13.872140497262
8.8300000000000	-13.759703937222
8.8400000000000	-13.650551789899
8.8500000000000	-13.544592888970
8.8600000000000	-13.441740639104
8.8700000000000	-13.341912763181
8.8800000000000	-13.245031066931
8.8900000000000	-13.151021219756
8.9000000000000	-13.059812550612
8.9100000000000	-12.971337857878
8.9200000000000	-12.885533232231
8.9300000000000	-12.802337891605
8.9400000000000	-12.721694027387
8.9500000000000	-12.643546661060
8.9600000000000	-12.567843510569
8.9700000000000	-12.494534865734
8.9800000000000	-12.423573472094
8.9900000000000	-12.354914422604
9.0000000000000	-12.288515056667
9.0100000000000	-12.224334865999
9.0200000000000	-12.162335406897
9.0300000000000	-12.102480218485
9.0400000000000	-12.044734746567
9.0500000000000	-11.989066272721
9.0600000000000	-11.935443848341
9.0700000000000	-11.883838233300
9.0800000000000	-11.834221838987
9.0900000000000	-11.786568675452
9.1000000000000	-11.740854302444
9.1100000000000	-11.697055784118
9.1200000000000	-11.655151647234
9.1300000000000	-11.615121842656
9.1400000000000	-11.576947710009
9.1500000000000	-11.540611945334
9.1600000000000	-11.506098571612
9.1700000000000	-11.473392912046
9.1800000000000	-11.442481565978
9.1900000000000	-11.413352387359
9.2000000000000	-11.385994465673
9.2100000000000	-11.360398109249
9.2200000000000	-11.336554830892
9.2300000000000	-11.314457335766
9.2400000000000	-11.294099511494
9.2500000000000	-11.275476420429
9.2600000000000	-11.258584294058
9.2700000000000	-11.243420529524
9.2800000000000	-11.229983688244
9.2900000000000	-11.218273496620
9.3000000000000	-11.208290848832
9.3100000000000	-11.200037811730
9.3200000000000	-11.193517631837
9.3300000000000	-11.188734744478
9.3400000000000	-11.185694785077
9.3500000000000	-11.184404602651
9.3600000000000	-11.184872275546
9.3700000000000	-11.187107129483
9.3800000000000	-11.191119757961
9.3900000000000	-11.196922045096
9.4000000000000	-11.204527190990
9.4100000000000	-11.213949739698
9.4200000000000	-11.225205609921
9.4300000000000	-11.238312128521
9.4400000000000	-11.253288066998
9.4500000000000	-11.270153681053
9.4600000000000	-11.288930753402
9.4700000000000	-11.309642640006
9.4800000000000	-11.332314319885
9.4900000000000	-11.356972448736
9.5000000000000	-11.383645416556
9.5100000000000	-11.412363409507
9.5200000000000	-11.443158476284
9.5300000000000	-11.476064599262
9.5400000000000	-11.511117770715
9.5500000000000	-11.548356074452
9.5600000000000	-11.587819773205
9.5700000000000	-11.629551402165
9.5800000000000	-11.673595869079
9.5900000000000	-11.720000561360
9.6000000000000	-11.768815460697
9.6100000000000	-11.820093265689
9.6200000000000	-11.873889523082
9.6300000000000	-11.930262768212
9.6400000000000	-11.989274675337
9.6500000000000	-12.050990218550
9.6600000000000	-12.115477844062
9.6700000000000	-12.182809654681
9.6800000000000	-12.253061607355
9.6900000000000	-12.326313724760
9.7000000000000	-12.402650321907
9.7100000000000	-12.482160248869
9.7200000000000	-12.564937150744
9.7300000000000	-12.651079746046
9.7400000000000	-12.740692124758
9.7500000000000	-12.833884067320
9.7600000000000	-12.930771385838
9.7700000000000	-13.031476288801
9.7800000000000	-13.136127770533
9.7900000000000	-13.244862026548
9.8000000000000	-13.357822895764
9.8100000000000	-13.475162330343
9.8200000000000	-13.597040893496
9.8300000000000	-13.723628285084
9.8400000000000	-13.855103894089
9.8500000000000	-13.991657375956
9.8600000000000	-14.133489251406
9.8700000000000	-14.280811521335
9.8800000000000	-14.433848289800
9.8900000000000	-14.592836383543
9.9000000000000	-14.758025951734
9.9100000000000	-14.929681023283
9.9200000000000	-15.108079990537
9.9300000000000	-15.293515976837
9.9400000000000	-15.486297030215
9.9500000000000	-15.686746065240
9.9600000000000	-15.895200447932
9.9700000000000	-16.112011082371
9.9800000000000	-16.337540809172
9.9900000000000	-16.572161861085
10.000000000000	-16.816252034213
10.010000000000	-17.070189117355
10.020000000000	-17.334342967480
10.030000000000	-17.609064414060
10.040000000000	-17.894669904265
10.050000000000	-18.191420447258
10.060000000000	-18.499492960671
10.070000000000	-18.818941550360
10.080000000000	-19.149645562459
10.090000000000	-19.491240461527
10.100000000000	-19.843026801644
10.110000000000	-20.203851984786
10.120000000000	-20.571959581690
10.130000000000	-20.944802531356
10.140000000000	-21.318820883216
10.150000000000	-21.689193901238
10.160000000000	-22.049592765944
10.170000000000	-22.391985666482
10.180000000000	-22.706580447728
10.190000000000	-22.982022010322
10.200000000000	-23.205970428424
10.210000000000	-23.366137775252
10.220000000000	-23.451729932008
10.230000000000	-23.455041416960
10.240000000000	-23.372778354034
10.250000000000	-23.206671500314
10.260000000000	-22.963154290293
10.270000000000	-22.652225703228
10.280000000000	-22.285891313208
10.290000000000	-21.876634849605
10.300000000000	-21.436236844651
10.310000000000	-20.975053280065
10.320000000000	-20.501708903209
10.330000000000	-20.023086746247
10.340000000000	-19.544489852760
10.350000000000	-19.069878861753
10.360000000000	-18.602123571459
10.370000000000	-18.143235079118
10.380000000000	-17.694564319220
10.390000000000	-17.256964035849
10.400000000000	-16.830916866432
10.410000000000	-16.416634478501
10.420000000000	-16.014133140143
10.430000000000	-15.623290679817
10.440000000000	-15.243889041211
10.450000000000	-14.875645838633
10.460000000000	-14.518237591332
10.470000000000	-14.171316703968
10.480000000000	-13.834523769225
10.490000000000	-13.507496384169
10.500000000000	-13.189875376640
10.510000000000	-12.881309113404
10.520000000000	-12.581456392475
10.530000000000	-12.289988294797
10.540000000000	-12.006589275229
10.550000000000	-11.730957701541
10.560000000000	-11.462805996859
10.570000000000	-11.201860501233
10.580000000000	-10.947861138199
10.590000000000	-10.700560949985
10.600000000000	-10.459725548321
10.610000000000	-10.225132515356
10.620000000000	-9.9965707798403
10.630000000000	-9.7738399867511
10.640000000000	-9.5567498732899
10.650000000000	-9.3451196603088
10.660000000000	-9.1387774652920
10.670000000000	-8.9375597408721
10.680000000000	-8.7413107412658
10.690000000000	-8.5498820178448
10.700000000000	-8.3631319442102
10.710000000000	-8.1809252705283
10.720000000000	-8.0031327064599
10.730000000000	-7.8296305317205
10.740000000000	-7.6603002331171
10.750000000000	-7.4950281667883
10.760000000000	-7.3337052443136
10.770000000000	-7.1762266413324
10.780000000000	-7.0224915273210
10.790000000000	-6.8724028152016
10.800000000000	-6.7258669294983
10.810000000000	-6.5827935918035
10.820000000000	-6.4430956223767
10.830000000000	-6.3066887567535
10.840000000000	-6.1734914763039
10.850000000000	-6.0434248517410
10.860000000000	-5.9164123986364
10.870000000000	-5.7923799440609
10.880000000000	-5.6712555035206
10.890000000000	-5.5529691674128
10.900000000000	-5.4374529962787
10.910000000000	-5.3246409241733
10.920000000000	-5.2144686695233
10.930000000000	-5.1068736528828
10.940000000000	-5.0017949210386
10.950000000000	-4.8991730769548
10.960000000000	-4.7989502150822
10.970000000000	-4.7010698615898
10.980000000000	-4.6054769191113
10.990000000000	-4.5121176156229
11.000000000000	-4.4209394571039
11.010000000000	-4.3318911836505
11.020000000000	-4.2449227287425
11.030000000000	-4.1599851813839
11.040000000000	-4.0770307508589
11.050000000000	-3.9960127338669
11.060000000000	-3.9168854838165
11.070000000000	-3.8396043820791
11.080000000000	-3.7641258110157
11.090000000000	-3.6904071286086
11.100000000000	-3.6184066445435
11.110000000000	-3.5480835975983
11.120000000000	-3.4793981342128
11.130000000000	-3.4123112881180
11.140000000000	-3.3467849609215
11.150000000000	-3.2827819035502
11.160000000000	-3.2202656984629
11.170000000000	-3.1592007425551
11.180000000000	-3.0995522306832
11.190000000000	-3.0412861397458
11.200000000000	-2.9843692132638
11.210000000000	-2.9287689464093
11.220000000000	-2.8744535714375
11.230000000000	-2.8213920434818
11.240000000000	-2.7695540266767
11.250000000000	-2.7189098805768
11.260000000000	-2.6694306468461
11.270000000000	-2.6210880361925
11.280000000000	-2.5738544155283
11.290000000000	-2.5277027953379
11.300000000000	-2.4826068172390
11.310000000000	-2.4385407417241
11.320000000000	-2.3954794360710
11.330000000000	-2.3533983624154
11.340000000000	-2.3122735659759
11.350000000000	-2.2720816634286
11.360000000000	-2.2327998314240
11.370000000000	-2.1944057952449
11.380000000000	-2.1568778176019
11.390000000000	-2.1201946875648
11.400000000000	-2.0843357096294
11.410000000000	-2.0492806929189
11.420000000000	-2.0150099405198
11.430000000000	-1.9815042389533
11.440000000000	-1.9487448477825
11.450000000000	-1.9167134893563
11.460000000000	-1.8853923386914
11.470000000000	-1.8547640134933
11.480000000000	-1.8248115643183
11.490000000000	-1.7955184648765
11.500000000000	-1.7668686024787
11.510000000000	-1.7388462686273
11.520000000000	-1.7114361497532
11.530000000000	-1.6846233180984
11.540000000000	-1.6583932227478
11.550000000000	-1.6327316808085
11.560000000000	-1.6076248687393
11.570000000000	-1.5830593138288
11.580000000000	-1.5590218858261
11.590000000000	-1.5354997887202
11.600000000000	-1.5124805526717
11.610000000000	-1.4899520260944
11.620000000000	-1.4679023678889
11.630000000000	-1.4463200398256
11.640000000000	-1.4251937990786
11.650000000000	-1.4045126909081
11.660000000000	-1.3842660414929
11.670000000000	-1.3644434509096
11.680000000000	-1.3450347862593
11.690000000000	-1.3260301749401
11.700000000000	-1.3074199980639
11.710000000000	-1.2891948840170
11.720000000000	-1.2713457021622
11.730000000000	-1.2538635566812
11.740000000000	-1.2367397805556
11.750000000000	-1.2199659296856
11.760000000000	-1.2035337771433
11.770000000000	-1.1874353075600
11.780000000000	-1.1716627116441
11.790000000000	-1.1562083808300
11.800000000000	-1.1410649020538
11.810000000000	-1.1262250526542
11.820000000000	-1.1116817953983
11.830000000000	-1.0974282736278
11.840000000000	-1.0834578065240
11.850000000000	-1.0697638844918
11.860000000000	-1.0563401646572
11.870000000000	-1.0431804664779
11.880000000000	-1.0302787674647
11.890000000000	-1.0176291990118
11.900000000000	-1.0052260423328
11.910000000000	-0.99306372450065
11.920000000000	-0.98113681459019
11.930000000000	-0.96944001992008
11.940000000000	-0.95796818239217
11.950000000000	-0.94671627492667
11.960000000000	-0.93567939799053
11.970000000000	-0.92485277621675
11.980000000000	-0.91423175511343
11.990000000000	-0.90381179785938
12.000000000000	-0.89358848218501
