#Parameters = {d=1; g=0.5; h=2.4; l=6; m=3; p=0.5; phi=0; s=1.2; t=0.035; theta=0; w=7}
#"Frequency / GHz"	"SZmax(1),Zmax(1) (s=1.2) [Magnitude]"
#--------------------------------------------------------
2.0000000000000	-0.0045130195834806
2.0100000000000	-0.0045203430879381
2.0200000000000	-0.0045300141901064
2.0300000000000	-0.0045420270827979
2.0400000000000	-0.0045563761952907
2.0500000000000	-0.0045730561976899
2.0600000000000	-0.0045920620053349
2.0700000000000	-0.0046133887833111
2.0800000000000	-0.0046370319510012
2.0900000000000	-0.0046629871868167
2.1000000000000	-0.0046912504328771
2.1100000000000	-0.0047218178998818
2.1200000000000	-0.0047546860720317
2.1300000000000	-0.0047898517121018
2.1400000000000	-0.0048273118664571
2.1500000000000	-0.0048670638703536
2.1600000000000	-0.0049091053532052
2.1700000000000	-0.0049534342440883
2.1800000000000	-0.0050000487771454
2.1900000000000	-0.0050489474973339
2.2000000000000	-0.0051001292660732
2.2100000000000	-0.0051535932672486
2.2200000000000	-0.0052093390130686
2.2300000000000	-0.0052673663502213
2.2400000000000	-0.0053276754661187
2.2500000000000	-0.0053902668953055
2.2600000000000	-0.0054551415258051
2.2700000000000	-0.0055223006059169
2.2800000000000	-0.0055917457510103
2.2900000000000	-0.0056634789501644
2.3000000000000	-0.0057375025736510
2.3100000000000	-0.0058138193797992
2.3200000000000	-0.0058924325226233
2.3300000000000	-0.0059733455592461
2.3400000000000	-0.0060565624575671
2.3500000000000	-0.0061420876043578
2.3600000000000	-0.0062299258130028
2.3700000000000	-0.0063200823320181
2.3800000000000	-0.0064125628533746
2.3900000000000	-0.0065073735211352
2.4000000000000	-0.0066045209401686
2.4100000000000	-0.0067040121853087
2.4200000000000	-0.0068058548106085
2.4300000000000	-0.0069100568586420
2.4400000000000	-0.0070166268702451
2.4500000000000	-0.0071255738944915
2.4600000000000	-0.0072369074986617
2.4700000000000	-0.0073506377788451
2.4800000000000	-0.0074667753702941
2.4900000000000	-0.0075853314585387
2.5000000000000	-0.0077063177903443
2.5100000000000	-0.0078297466854194
2.5200000000000	-0.0079556310476725
2.5300000000000	-0.0080839843776130
2.5400000000000	-0.0082148207844740
2.5500000000000	-0.0083481549986368
2.5600000000000	-0.0084840023848903
2.5700000000000	-0.0086223789553434
2.5800000000000	-0.0087633013831088
2.5900000000000	-0.0089067870162640
2.6000000000000	-0.0090528538919455
2.6100000000000	-0.0092015207512278
2.6200000000000	-0.0093528070538609
2.6300000000000	-0.0095067329938636
2.6400000000000	-0.0096633195151465
2.6500000000000	-0.0098225883278511
2.6600000000000	-0.0099845619248256
2.6700000000000	-0.010149263598924
2.6800000000000	-0.010316717460255
2.6900000000000	-0.010486948454238
2.7000000000000	-0.010659982380201
2.7100000000000	-0.010835845910101
2.7200000000000	-0.011014566608188
2.7300000000000	-0.011196172950801
2.7400000000000	-0.011380694347058
2.7500000000000	-0.011568161159776
2.7600000000000	-0.011758604727231
2.7700000000000	-0.011952057385365
2.7800000000000	-0.012148552490662
2.7900000000000	-0.012348124443625
2.8000000000000	-0.012550808712851
2.8100000000000	-0.012756641859953
2.8200000000000	-0.012965661565011
2.8300000000000	-0.013177906652747
2.8400000000000	-0.013393417119553
2.8500000000000	-0.013612234161170
2.8600000000000	-0.013834400201165
2.8700000000000	-0.014059958920295
2.8800000000000	-0.014288955286600
2.8900000000000	-0.014521435586454
2.9000000000000	-0.014757447456436
2.9100000000000	-0.014997039916213
2.9200000000000	-0.015240263402280
2.9300000000000	-0.015487169802654
2.9400000000000	-0.015737812492771
2.9500000000000	-0.015992246372228
2.9600000000000	-0.016250527902705
2.9700000000000	-0.016512715146962
2.9800000000000	-0.016778867809066
2.9900000000000	-0.017049047275688
3.0000000000000	-0.017323316658817
3.0100000000000	-0.017601740839481
3.0200000000000	-0.017884386513104
3.0300000000000	-0.018171322235957
3.0400000000000	-0.018462618473148
3.0500000000000	-0.018758347648083
3.0600000000000	-0.019058584193330
3.0700000000000	-0.019363404603157
3.0800000000000	-0.019672887487573
3.0900000000000	-0.019987113628149
3.1000000000000	-0.020306166035434
3.1100000000000	-0.020630130008239
3.1200000000000	-0.020959093194781
3.1300000000000	-0.021293145655631
3.1400000000000	-0.021632379928734
3.1500000000000	-0.021976891096444
3.1600000000000	-0.022326776854636
3.1700000000000	-0.022682137584079
3.1800000000000	-0.023043076424000
3.1900000000000	-0.023409699348032
3.2000000000000	-0.023782115242606
3.2100000000000	-0.024160435987827
3.2200000000000	-0.024544776540962
3.2300000000000	-0.024935255022650
3.2400000000000	-0.025331992805875
3.2500000000000	-0.025735114607884
3.2600000000000	-0.026144748585036
3.2700000000000	-0.026561026430839
3.2800000000000	-0.026984083477164
3.2900000000000	-0.027414058798810
3.3000000000000	-0.027851095321564
3.3100000000000	-0.028295339933787
3.3200000000000	-0.028746943601811
3.3300000000000	-0.029206061489131
3.3400000000000	-0.029672853079658
3.3500000000000	-0.030147482305078
3.3600000000000	-0.030630117676569
3.3700000000000	-0.031120932420952
3.3800000000000	-0.031620104621562
3.3900000000000	-0.032127817363819
3.4000000000000	-0.032644258885927
3.4100000000000	-0.033169622734669
3.4200000000000	-0.033704107926682
3.4300000000000	-0.034247919115245
3.4400000000000	-0.034801266762946
3.4500000000000	-0.035364367320379
3.4600000000000	-0.035937443411083
3.4700000000000	-0.036520724023036
3.4800000000000	-0.037114444706961
3.4900000000000	-0.037718847781510
3.5000000000000	-0.038334182545954
3.5100000000000	-0.038960705500472
3.5200000000000	-0.039598680574142
3.5300000000000	-0.040248379361379
3.5400000000000	-0.040910081366851
3.5500000000000	-0.041584074259259
3.5600000000000	-0.042270654134348
3.5700000000000	-0.042970125787706
3.5800000000000	-0.043682802997370
3.5900000000000	-0.044409008816975
3.6000000000000	-0.045149075879762
3.6100000000000	-0.045903346713827
3.6200000000000	-0.046672174069142
3.6300000000000	-0.047455921256890
3.6400000000000	-0.048254962501488
3.6500000000000	-0.049069683305894
3.6600000000000	-0.049900480830832
3.6700000000000	-0.050747764288307
3.6800000000000	-0.051611955350354
3.6900000000000	-0.052493488573226
3.7000000000000	-0.053392811838037
3.7100000000000	-0.054310386808516
3.7200000000000	-0.055246689406324
3.7300000000000	-0.056202210304993
3.7400000000000	-0.057177455443263
3.7500000000000	-0.058172946558408
3.7600000000000	-0.059189221740754
3.7700000000000	-0.060226836009974
3.7800000000000	-0.061286361914500
3.7900000000000	-0.062368390154635
3.8000000000000	-0.063473530230854
3.8100000000000	-0.064602411117998
3.8200000000000	-0.065755681966881
3.8300000000000	-0.066934012834158
3.8400000000000	-0.068138095442136
3.8500000000000	-0.069368643969515
3.8600000000000	-0.070626395874747
3.8700000000000	-0.071912112753151
3.8800000000000	-0.073226581229740
3.8900000000000	-0.074570613889099
3.9000000000000	-0.075945050244053
3.9100000000000	-0.077350757745055
3.9200000000000	-0.078788632831987
3.9300000000000	-0.080259602030582
3.9400000000000	-0.081764623095304
3.9500000000000	-0.083304686201070
3.9600000000000	-0.084880815185908
3.9700000000000	-0.086494068847266
3.9800000000000	-0.088145542294059
3.9900000000000	-0.089836368357807
4.0000000000000	-0.091567719064718
4.0100000000000	-0.093340807172756
4.0200000000000	-0.095156887775860
4.0300000000000	-0.097017259979193
4.0400000000000	-0.098923268648648
4.0500000000000	-0.10087630623820
4.0600000000000	-0.10287781469904
4.0700000000000	-0.10492928747448
4.0800000000000	-0.10703227158477
4.0900000000000	-0.10918836980651
4.1000000000000	-0.11139924295108
4.1100000000000	-0.11366661224752
4.1200000000000	-0.11599226183441
4.1300000000000	-0.11837804136689
4.1400000000000	-0.12082586874458
4.1500000000000	-0.12333773296591
4.1600000000000	-0.12591569711632
4.1700000000000	-0.12856190149636
4.1800000000000	-0.13127856689739
4.1900000000000	-0.13406799803222
4.2000000000000	-0.13693258712893
4.2100000000000	-0.13987481769645
4.2200000000000	-0.14289726847038
4.2300000000000	-0.14600261754937
4.2400000000000	-0.14919364673127
4.2500000000000	-0.15247324606010
4.2600000000000	-0.15584441859511
4.2700000000000	-0.15931028541331
4.2800000000000	-0.16287409085853
4.2900000000000	-0.16653920804998
4.3000000000000	-0.17030914466423
4.3100000000000	-0.17418754900563
4.3200000000000	-0.17817821638081
4.3300000000000	-0.18228509579367
4.3400000000000	-0.18651229697865
4.3500000000000	-0.19086409779068
4.3600000000000	-0.19534495197168
4.3700000000000	-0.19995949731404
4.3800000000000	-0.20471256424379
4.3900000000000	-0.20960918484597
4.4000000000000	-0.21465460235771
4.4100000000000	-0.21985428115472
4.4200000000000	-0.22521391725904
4.4300000000000	-0.23073944939760
4.4400000000000	-0.23643707064254
4.4500000000000	-0.24231324066628
4.4600000000000	-0.24837469864643
4.4700000000000	-0.25462847685748
4.4800000000000	-0.26108191498851
4.4900000000000	-0.26774267522847
4.5000000000000	-0.27461875816323
4.5100000000000	-0.28171851953090
4.5200000000000	-0.28905068788505
4.5300000000000	-0.29662438321818
4.5400000000000	-0.30444913660091
4.5500000000000	-0.31253491089592
4.5600000000000	-0.32089212260879
4.5700000000000	-0.32953166494178
4.5800000000000	-0.33846493212062
4.5900000000000	-0.34770384506822
4.6000000000000	-0.35726087850357
4.6100000000000	-0.36714908954920
4.6200000000000	-0.37738214793448
4.6300000000000	-0.38797436788813
4.6400000000000	-0.39894074181780
4.6500000000000	-0.41029697588088
4.6600000000000	-0.42205952755609
4.6700000000000	-0.43424564533205
4.6800000000000	-0.44687341063508
4.6900000000000	-0.45996178212562
4.7000000000000	-0.47353064249963
4.7100000000000	-0.48760084793861
4.7200000000000	-0.50219428035982
4.7300000000000	-0.51733390262600
4.7400000000000	-0.53304381688250
4.7500000000000	-0.54934932619798
4.7600000000000	-0.56627699969385
4.7700000000000	-0.58385474135678
4.7800000000000	-0.60211186273781
4.7900000000000	-0.62107915975106
4.8000000000000	-0.64078899379495
4.8100000000000	-0.66127537742842
4.8200000000000	-0.68257406484465
4.8300000000000	-0.70472264739467
4.8400000000000	-0.72776065442305
4.8500000000000	-0.75172965968770
4.8600000000000	-0.77667339364521
4.8700000000000	-0.80263786189270
4.8800000000000	-0.82967147006557
4.8900000000000	-0.85782515549944
4.9000000000000	-0.88715252597190
4.9100000000000	-0.91771000584714
4.9200000000000	-0.94955698995260
4.9300000000000	-0.98275600552183
4.9400000000000	-1.0173728825428
4.9500000000000	-1.0534769328531
4.9600000000000	-1.0911411383263
4.9700000000000	-1.1304423484934
4.9800000000000	-1.1714614879447
4.9900000000000	-1.2142837738532
5.0000000000000	-1.2589989439613
5.0100000000000	-1.3057014953666
5.0200000000000	-1.3544909344402
5.0300000000000	-1.4054720382101
5.0400000000000	-1.4587551275360
5.0500000000000	-1.5144563524062
5.0600000000000	-1.5726979896897
5.0700000000000	-1.6336087536858
5.0800000000000	-1.6973241198317
5.0900000000000	-1.7639866619542
5.1000000000000	-1.8337464034955
5.1100000000000	-1.9067611831988
5.1200000000000	-1.9831970358236
5.1300000000000	-2.0632285885695
5.1400000000000	-2.1470394740317
5.1500000000000	-2.2348227607022
5.1600000000000	-2.3267814022682
5.1700000000000	-2.4231287072648
5.1800000000000	-2.5240888310174
5.1900000000000	-2.6298972922727
5.2000000000000	-2.7408015174871
5.2100000000000	-2.8570614164301
5.2200000000000	-2.9789499935774
5.2300000000000	-3.1067540007516
5.2400000000000	-3.2407746376099
5.2500000000000	-3.3813283079233
5.2600000000000	-3.5287474411328
5.2700000000000	-3.6833813904394
5.2800000000000	-3.8455974206825
5.2900000000000	-4.0157818014910
5.3000000000000	-4.1943410236482
5.3100000000000	-4.3817031592504
5.3200000000000	-4.5783193890216
5.3300000000000	-4.7846657229517
5.3400000000000	-5.0012449431003
5.3500000000000	-5.2285887996840
5.3600000000000	-5.4672604930361
5.3700000000000	-5.7178574740649
5.3800000000000	-5.9810145934848
5.3900000000000	-6.2574076238913
5.4000000000000	-6.5477571664575
5.4100000000000	-6.8528329322524
5.4200000000000	-7.1734583516583
5.4300000000000	-7.5105154060752
5.4400000000000	-7.8649494815653
5.4500000000000	-8.2377738949987
5.4600000000000	-8.6300735094707
5.4700000000000	-9.0430064900674
5.4800000000000	-9.4778026793181
5.4900000000000	-9.9357561771878
5.5000000000000	-10.418208309665
5.5100000000000	-10.926514975681
5.5200000000000	-11.461988930354
5.5300000000000	-12.025802224743
5.5400000000000	-12.618825821350
5.5500000000000	-13.241371112210
5.5600000000000	-13.892780511600
5.5700000000000	-14.570791614764
5.5800000000000	-15.270576649777
5.5900000000000	-15.983354785513
5.6000000000000	-16.694538987227
5.6100000000000	-17.381615003359
5.6200000000000	-18.012505136895
5.6300000000000	-18.546067765045
5.6400000000000	-18.937042219483
5.6500000000000	-19.146560716490
5.6600000000000	-19.155079898113
5.6700000000000	-18.970145135432
5.6800000000000	-18.623232744558
5.6900000000000	-18.158101070293
5.7000000000000	-17.618472907455
5.7100000000000	-17.040548867096
5.7200000000000	-16.450798092473
5.7300000000000	-15.866901004981
5.7400000000000	-15.299794959357
5.7500000000000	-14.755696922892
5.7600000000000	-14.237704390577
5.7700000000000	-13.746936846957
5.7800000000000	-13.283304623701
5.7900000000000	-12.846009571031
5.8000000000000	-12.433863887011
5.8100000000000	-12.045489579285
5.8200000000000	-11.679440998392
5.8300000000000	-11.334278345666
5.8400000000000	-11.008610188263
5.8500000000000	-10.701116531548
5.8600000000000	-10.410559813512
5.8700000000000	-10.135788505237
5.8800000000000	-9.8757362898142
5.8900000000000	-9.6294186999133
5.9000000000000	-9.3959283965451
5.9100000000000	-9.1744298256906
5.9200000000000	-8.9641537043100
5.9300000000000	-8.7643916051551
5.9400000000000	-8.5744907938920
5.9500000000000	-8.3938493987544
5.9600000000000	-8.2219119471493
5.9700000000000	-8.0581652755631
5.9800000000000	-7.9021348024485
5.9900000000000	-7.7533811444073
6.0000000000000	-7.6114970512586
6.0100000000000	-7.4761046337563
6.0200000000000	-7.3468528576681
6.0300000000000	-7.2234152789197
6.0400000000000	-7.1054879960782
6.0500000000000	-6.9927877982851
6.0600000000000	-6.8850504886864
6.0700000000000	-6.7820293653070
6.0800000000000	-6.6834938431361
6.0900000000000	-6.5892282028775
6.1000000000000	-6.4990304533655
6.1100000000000	-6.4127112960511
6.1200000000000	-6.3300931812236
6.1300000000000	-6.2510094467602
6.1400000000000	-6.1753035312028
6.1500000000000	-6.1028282538527
6.1600000000000	-6.0334451553682
6.1700000000000	-5.9670238930494
6.1800000000000	-5.9034416856205
6.1900000000000	-5.8425828028645
6.2000000000000	-5.7843380959601
6.2100000000000	-5.7286045647947
6.2200000000000	-5.6752849589182
6.2300000000000	-5.6242874091361
6.2400000000000	-5.5755250870453
6.2500000000000	-5.5289158900841
6.2600000000000	-5.4843821499057
6.2700000000000	-5.4418503620983
6.2800000000000	-5.4012509354647
6.2900000000000	-5.3625179592435
6.3000000000000	-5.3255889868054
6.3100000000000	-5.2904048344950
6.3200000000000	-5.2569093944098
6.3300000000000	-5.2250494600165
6.3400000000000	-5.1947745636052
6.3500000000000	-5.1660368246677
6.3600000000000	-5.1387908083687
6.3700000000000	-5.1129933933487
6.3800000000000	-5.0886036481626
6.3900000000000	-5.0655827157185
6.4000000000000	-5.0438937051314
6.4100000000000	-5.0235015904583
6.4200000000000	-5.0043731158215
6.4300000000000	-4.9864767064699
6.4400000000000	-4.9697823853615
6.4500000000000	-4.9542616948854
6.4600000000000	-4.9398876233708
6.4700000000000	-4.9266345360573
6.4800000000000	-4.9144781102273
6.4900000000000	-4.9033952742225
6.5000000000000	-4.8933641500890
6.5100000000000	-4.8843639996142
6.5200000000000	-4.8763751735349
6.5300000000000	-4.8693790637149
6.5400000000000	-4.8633580581029
6.5500000000000	-4.8582954982952
6.5600000000000	-4.8541756395434
6.5700000000000	-4.8509836130532
6.5800000000000	-4.8487053904367
6.5900000000000	-4.8473277501873
6.6000000000000	-4.8468382460555
6.6100000000000	-4.8472251772135
6.6200000000000	-4.8484775601032
6.6300000000000	-4.8505851018700
6.6400000000000	-4.8535381752906
6.6500000000000	-4.8573277951103
6.6600000000000	-4.8619455957104
6.6700000000000	-4.8673838100300
6.6800000000000	-4.8736352496763
6.6900000000000	-4.8806932861545
6.7000000000000	-4.8885518331605
6.7100000000000	-4.8972053298777
6.7200000000000	-4.9066487252259
6.7300000000000	-4.9168774630130
6.7400000000000	-4.9278874679430
6.7500000000000	-4.9396751324371
6.7600000000000	-4.9522373042275
6.7700000000000	-4.9655712746867
6.7800000000000	-4.9796747678558
6.7900000000000	-4.9945459301392
6.8000000000000	-5.0101833206361
6.8100000000000	-5.0265859020767
6.8200000000000	-5.0437530323402
6.8300000000000	-5.0616844565255
6.8400000000000	-5.0803802995535
6.8500000000000	-5.0998410592788
6.8600000000000	-5.1200676000886
6.8700000000000	-5.1410611469720
6.8800000000000	-5.1628232800410
6.8900000000000	-5.1853559294860
6.9000000000000	-5.2086613709520
6.9100000000000	-5.2327422213210
6.9200000000000	-5.2576014348868
6.9300000000000	-5.2832422999119
6.9400000000000	-5.3096684355538
6.9500000000000	-5.3368837891532
6.9600000000000	-5.3648926338720
6.9700000000000	-5.3936995666768
6.9800000000000	-5.4233095066574
6.9900000000000	-5.4537276936761
7.0000000000000	-5.4849596873425
7.0100000000000	-5.5170113663069
7.0200000000000	-5.5498889278724
7.0300000000000	-5.5835988879184
7.0400000000000	-5.6181480811373
7.0500000000000	-5.6535436615801
7.0600000000000	-5.6897931035123
7.0700000000000	-5.7269042025790
7.0800000000000	-5.7648850772814
7.0900000000000	-5.8037441707654
7.1000000000000	-5.8434902529260
7.1100000000000	-5.8841324228303
7.1200000000000	-5.9256801114638
7.1300000000000	-5.9681430848051
7.1400000000000	-6.0115314472353
7.1500000000000	-6.0558556452888
7.1600000000000	-6.1011264717536
7.1700000000000	-6.1473550701307
7.1800000000000	-6.1945529394612
7.1900000000000	-6.2427319395336
7.2000000000000	-6.2919042964829
7.2100000000000	-6.3420826087944
7.2200000000000	-6.3932798537273
7.2300000000000	-6.4455093941735
7.2400000000000	-6.4987849859700
7.2500000000000	-6.5531207856805
7.2600000000000	-6.6085313588704
7.2700000000000	-6.6650316888926
7.2800000000000	-6.7226371862110
7.2900000000000	-6.7813636982839
7.3000000000000	-6.8412275200362
7.3100000000000	-6.9022454049481
7.3200000000000	-6.9644345767915
7.3300000000000	-7.0278127420481
7.3400000000000	-7.0923981030435
7.3500000000000	-7.1582093718368
7.3600000000000	-7.2252657849050
7.3700000000000	-7.2935871186677
7.3800000000000	-7.3631937058970
7.3900000000000	-7.4341064530652
7.4000000000000	-7.5063468586803
7.4100000000000	-7.5799370326713
7.4200000000000	-7.6548997168801
7.4300000000000	-7.7312583067298
7.4400000000000	-7.8090368741367
7.4500000000000	-7.8882601917444
7.4600000000000	-7.9689537585575
7.4700000000000	-8.0511438270651
7.4800000000000	-8.1348574319438
7.4900000000000	-8.2201224204422
7.5000000000000	-8.3069674845511
7.5100000000000	-8.3954221950769
7.5200000000000	-8.4855170377379
7.5300000000000	-8.5772834514177
7.5400000000000	-8.6707538687157
7.5500000000000	-8.7659617589484
7.5600000000000	-8.8629416737625
7.5700000000000	-8.9617292955385
7.5800000000000	-9.0623614887701
7.5900000000000	-9.1648763546265
7.6000000000000	-9.2693132889122
7.6100000000000	-9.3757130436630
7.6200000000000	-9.4841177926291
7.6300000000000	-9.5945712009195
7.6400000000000	-9.7071184991012
7.6500000000000	-9.8218065620695
7.6600000000000	-9.9386839930310
7.6700000000000	-10.057801212967
7.6800000000000	-10.179210555974
7.6900000000000	-10.302966370908
7.7000000000000	-10.429125129790
7.7100000000000	-10.557745543476
7.7200000000000	-10.688888685116
7.7300000000000	-10.822618121983
7.7400000000000	-10.959000056286
7.7500000000000	-11.098103475631
7.7600000000000	-11.240000313844
7.7700000000000	-11.384765622918
7.7800000000000	-11.532477756888
7.7900000000000	-11.683218568528
7.8000000000000	-11.837073619761
7.8100000000000	-11.994132406788
7.8200000000000	-12.154488600944
7.8300000000000	-12.318240306379
7.8400000000000	-12.485490335658
7.8500000000000	-12.656346504450
7.8600000000000	-12.830921946458
7.8700000000000	-13.009335449749
7.8800000000000	-13.191711815590
7.8900000000000	-13.378182240834
7.9000000000000	-13.568884724737
7.9100000000000	-13.763964500871
7.9200000000000	-13.963574494486
7.9300000000000	-14.167875805173
7.9400000000000	-14.377038214064
7.9500000000000	-14.591240713863
7.9600000000000	-14.810672058796
7.9700000000000	-15.035531329877
7.9800000000000	-15.266028508652
7.9900000000000	-15.502385049587
8.0000000000000	-15.744834437233
8.0100000000000	-15.993622708958
8.0200000000000	-16.249008916951
8.0300000000000	-16.511265493685
8.0400000000000	-16.780678472517
8.0500000000000	-17.057547498303
8.0600000000000	-17.342185540721
8.0700000000000	-17.634918193320
8.0800000000000	-17.936082401939
8.0900000000000	-18.246024413576
8.1000000000000	-18.565096666919
8.1100000000000	-18.893653252716
8.1200000000000	-19.232043448668
8.1300000000000	-19.580602670019
8.1400000000000	-19.939639961728
8.1500000000000	-20.309420876867
8.1600000000000	-20.690144223132
8.1700000000000	-21.081910700233
8.1800000000000	-21.484680887107
8.1900000000000	-21.898219378510
8.2000000000000	-22.322021164115
8.2100000000000	-22.755215716166
8.2200000000000	-23.196443973871
8.2300000000000	-23.643703997779
8.2400000000000	-24.094163408945
8.2500000000000	-24.543942233590
8.2600000000000	-24.987880377805
8.2700000000000	-25.419321713684
8.2800000000000	-25.829972499816
8.2900000000000	-26.209922309598
8.3000000000000	-26.547939115709
8.3100000000000	-26.832143532624
8.3200000000000	-27.051100963381
8.3300000000000	-27.195230158651
8.3400000000000	-27.258246877724
8.3500000000000	-27.238238826507
8.3600000000000	-27.138012690673
8.3700000000000	-26.964588065648
8.3800000000000	-26.728019412803
8.3900000000000	-26.439929801539
8.4000000000000	-26.112146865358
8.4100000000000	-25.755688446814
8.4200000000000	-25.380167388926
8.4300000000000	-24.993558209459
8.4400000000000	-24.602215632946
8.4500000000000	-24.211036380322
8.4600000000000	-23.823681871611
8.4700000000000	-23.442809625796
8.4800000000000	-23.070285421168
8.4900000000000	-22.707364528566
8.5000000000000	-22.354839786144
8.5100000000000	-22.013159045670
8.5200000000000	-21.682516432012
8.5300000000000	-21.362922220994
8.5400000000000	-21.054255765037
8.5500000000000	-20.756305238358
8.5600000000000	-20.468797269376
8.5700000000000	-20.191418884866
8.5800000000000	-19.923833646735
8.5900000000000	-19.665693422716
8.6000000000000	-19.416646886371
8.6100000000000	-19.176345574477
8.6200000000000	-18.944448125539
8.6300000000000	-18.720623168211
8.6400000000000	-18.504551211453
8.6500000000000	-18.295925800185
8.6600000000000	-18.094454134034
8.6700000000000	-17.899857297091
8.6800000000000	-17.711870209249
8.6900000000000	-17.530241381702
8.7000000000000	-17.354732538083
8.7100000000000	-17.185118146918
8.7200000000000	-17.021184899143
8.7300000000000	-16.862731155494
8.7400000000000	-16.709566381818
8.7500000000000	-16.561510585336
8.7600000000000	-16.418393761048
8.7700000000000	-16.280055354660
8.7800000000000	-16.146343746286
8.7900000000000	-16.017115757586
8.8000000000000	-15.892236183862
8.8100000000000	-15.771577351771
8.8200000000000	-15.655018702702
8.8300000000000	-15.542446401421
8.8400000000000	-15.433752969297
8.8500000000000	-15.328836941205
8.8600000000000	-15.227602545092
8.8700000000000	-15.129959403095
8.8800000000000	-15.035822253092
8.8900000000000	-14.945110689551
8.9000000000000	-14.857748922578
8.9100000000000	-14.773665554062
8.9200000000000	-14.692793369920
8.9300000000000	-14.615069147431
8.9400000000000	-14.540433476753
8.9500000000000	-14.468830595749
8.9600000000000	-14.400208237305
8.9700000000000	-14.334517488395
8.9800000000000	-14.271712660185
8.9900000000000	-14.211751168539
9.0000000000000	-14.154593424319
9.0100000000000	-14.100202732951
9.0200000000000	-14.048545202740
9.0300000000000	-13.999589661490
9.0400000000000	-13.953307581022
9.0500000000000	-13.909673009200
9.0600000000000	-13.868662509148
9.0700000000000	-13.830255105356
9.0800000000000	-13.794432236402
9.0900000000000	-13.761177714074
9.1000000000000	-13.730477688683
9.1100000000000	-13.702320620403
9.1200000000000	-13.676697256493
9.1300000000000	-13.653600614306
9.1400000000000	-13.633025969979
9.1500000000000	-13.614970852771
9.1600000000000	-13.599435045008
9.1700000000000	-13.586420587641
9.1800000000000	-13.575931791435
9.1900000000000	-13.567975253857
9.2000000000000	-13.562559881732
9.2100000000000	-13.559696919783
9.2200000000000	-13.559399985195
9.2300000000000	-13.561685108372
9.2400000000000	-13.566570780094
9.2500000000000	-13.574078005305
9.2600000000000	-13.584230363806
9.2700000000000	-13.597054078156
9.2800000000000	-13.612578089147
9.2900000000000	-13.630834139218
9.3000000000000	-13.651856864266
9.3100000000000	-13.675683894328
9.3200000000000	-13.702355963672
9.3300000000000	-13.731917030898
9.3400000000000	-13.764414409689
9.3500000000000	-13.799898910947
9.3600000000000	-13.838424997092
9.3700000000000	-13.880050949402
9.3800000000000	-13.924839049327
9.3900000000000	-13.972855774836
9.4000000000000	-14.024172012905
9.4100000000000	-14.078863289397
9.4200000000000	-14.137010017674
9.4300000000000	-14.198697767387
9.4400000000000	-14.264017555036
9.4500000000000	-14.333066157987
9.4600000000000	-14.405946453799
9.4700000000000	-14.482767786800
9.4800000000000	-14.563646364015
9.4900000000000	-14.648705682651
9.5000000000000	-14.738076991442
9.5100000000000	-14.831899788265
9.5200000000000	-14.930322356423
9.5300000000000	-15.033502342043
9.5400000000000	-15.141607374866
9.5500000000000	-15.254815734527
9.5600000000000	-15.373317064019
9.5700000000000	-15.497313131400
9.5800000000000	-15.627018639862
9.5900000000000	-15.762662084906
9.6000000000000	-15.904486655338
9.6100000000000	-16.052751172010
9.6200000000000	-16.207731054257
9.6300000000000	-16.369719298487
9.6400000000000	-16.539027445782
9.6500000000000	-16.715986504902
9.6600000000000	-16.900947782628
9.6700000000000	-17.094283553650
9.6800000000000	-17.296387474931
9.6900000000000	-17.507674612220
9.7000000000000	-17.728580895001
9.7100000000000	-17.959561745709
9.7200000000000	-18.201089531995
9.7300000000000	-18.453649357429
9.7400000000000	-18.717732522593
9.7500000000000	-18.993826736660
9.7600000000000	-19.282401814908
9.7700000000000	-19.583889128458
9.7800000000000	-19.898652439728
9.7900000000000	-20.226946916077
9.8000000000000	-20.568862022455
9.8100000000000	-20.924242631267
9.8200000000000	-21.292581099325
9.8300000000000	-21.672871447379
9.8400000000000	-22.063415656671
9.8500000000000	-22.461572593324
9.8600000000000	-22.863444338940
9.8700000000000	-23.263506415308
9.8800000000000	-23.654212876785
9.8900000000000	-24.025650210190
9.9000000000000	-24.365376647300
9.9100000000000	-24.658651889753
9.9200000000000	-24.889292738056
9.9300000000000	-25.041306873709
9.9400000000000	-25.101193739574
9.9500000000000	-25.060401367708
9.9600000000000	-24.917121255339
9.9700000000000	-24.676693326664
9.9800000000000	-24.350443756892
9.9900000000000	-23.953451816084
10.000000000000	-23.502081524787
10.010000000000	-23.011975420055
10.020000000000	-22.496815302135
10.030000000000	-21.967806137254
10.040000000000	-21.433669886414
10.050000000000	-20.900920039215
10.060000000000	-20.374244742910
10.070000000000	-19.856895237461
10.080000000000	-19.351029635489
10.090000000000	-18.857995243922
10.100000000000	-18.378549999043
10.110000000000	-17.913031022041
10.120000000000	-17.461480338343
10.130000000000	-17.023737301648
10.140000000000	-16.599505802471
10.150000000000	-16.188402699658
10.160000000000	-15.789992424914
10.170000000000	-15.403811482521
10.180000000000	-15.029385604202
10.190000000000	-14.666241587406
10.200000000000	-14.313915299366
10.210000000000	-13.971956926521
10.220000000000	-13.639934253955
10.230000000000	-13.317434544356
10.240000000000	-13.004065429476
10.250000000000	-12.699455113188
10.260000000000	-12.403252102526
10.270000000000	-12.115124622877
10.280000000000	-11.834759829707
10.290000000000	-11.561862897328
10.300000000000	-11.296156041964
10.310000000000	-11.037377519504
10.320000000000	-10.785280625993
10.330000000000	-10.539632719997
10.340000000000	-10.300214279502
10.350000000000	-10.066818001299
10.360000000000	-9.8392479475190
10.370000000000	-9.6173187415202
10.380000000000	-9.4008548137141
10.390000000000	-9.1896896967183
10.400000000000	-8.9836653684586
10.410000000000	-8.7826316413285
10.420000000000	-8.5864455952059
10.430000000000	-8.3949710519560
10.440000000000	-8.2080780889835
10.450000000000	-8.0256425893972
10.460000000000	-7.8475458264019
10.470000000000	-7.6736740796132
10.480000000000	-7.5039182810921
10.490000000000	-7.3381736890104
10.500000000000	-7.1763395869750
10.510000000000	-7.0183190071588
10.520000000000	-6.8640184755030
10.530000000000	-6.7133477773706
10.540000000000	-6.5662197421372
10.550000000000	-6.4225500453104
10.560000000000	-6.2822570268640
10.570000000000	-6.1452615245650
10.580000000000	-6.0114867211566
10.590000000000	-5.8808580043367
10.600000000000	-5.7533028385486
10.610000000000	-5.6287506476644
10.620000000000	-5.5071327077091
10.630000000000	-5.3883820488289
10.640000000000	-5.2724333657638
10.650000000000	-5.1592229361346
10.660000000000	-5.0486885459034
10.670000000000	-4.9407694214079
10.680000000000	-4.8354061674155
10.690000000000	-4.7325407106768
10.700000000000	-4.6321162485002
10.710000000000	-4.5340772018969
10.720000000000	-4.4383691728838
10.730000000000	-4.3449389055562
10.740000000000	-4.2537342505747
10.750000000000	-4.1647041327350
10.760000000000	-4.0777985213139
10.770000000000	-3.9929684029104
10.780000000000	-3.9101657565210
10.790000000000	-3.8293435306095
10.800000000000	-3.7504556219524
10.810000000000	-3.6734568560575
10.820000000000	-3.5983029689718
10.830000000000	-3.5249505903114
10.840000000000	-3.4533572273598
10.850000000000	-3.3834812500969
10.860000000000	-3.3152818770330
10.870000000000	-3.2487191617350
10.880000000000	-3.1837539799445
10.890000000000	-3.1203480171957
10.900000000000	-3.0584637568545
10.910000000000	-2.9980644685055
10.920000000000	-2.9391141966263
10.930000000000	-2.8815777494922
10.940000000000	-2.8254206882645
10.950000000000	-2.7706093162212
10.960000000000	-2.7171106680950
10.970000000000	-2.6648924994885
10.980000000000	-2.6139232763421
10.990000000000	-2.5641721644342
11.000000000000	-2.5156090188986
11.010000000000	-2.4682043737437
11.020000000000	-2.4219294313681
11.030000000000	-2.3767560520618
11.040000000000	-2.3326567434927
11.050000000000	-2.2896046501735
11.060000000000	-2.2475735429115
11.070000000000	-2.2065378082410
11.080000000000	-2.1664724378432
11.090000000000	-2.1273530179563
11.100000000000	-2.0891557187822
11.110000000000	-2.0518572838954
11.120000000000	-2.0154350196605
11.130000000000	-1.9798667846660
11.140000000000	-1.9451309791820
11.150000000000	-1.9112065346487
11.160000000000	-1.8780729032048
11.170000000000	-1.8457100472621
11.180000000000	-1.8140984291362
11.190000000000	-1.7832190007396
11.200000000000	-1.7530531933445
11.210000000000	-1.7235829074247
11.220000000000	-1.6947905025809
11.230000000000	-1.6666587875590
11.240000000000	-1.6391710103654
11.250000000000	-1.6123108484870
11.260000000000	-1.5860623992219
11.270000000000	-1.5604101701238
11.280000000000	-1.5353390695686
11.290000000000	-1.5108343974448
11.300000000000	-1.4868818359734
11.310000000000	-1.4634674406610
11.320000000000	-1.4405776313891
11.330000000000	-1.4181991836430
11.340000000000	-1.3963192198829
11.350000000000	-1.3749252010595
11.360000000000	-1.3540049182762
11.370000000000	-1.3335464845993
11.380000000000	-1.3135383270181
11.390000000000	-1.2939691785552
11.400000000000	-1.2748280705282
11.410000000000	-1.2561043249632
11.420000000000	-1.2377875471604
11.430000000000	-1.2198676184115
11.440000000000	-1.2023346888686
11.450000000000	-1.1851791705647
11.460000000000	-1.1683917305842
11.470000000000	-1.1519632843836
11.480000000000	-1.1358849892599
11.490000000000	-1.1201482379676
11.500000000000	-1.1047446524800
11.510000000000	-1.0896660778968
11.520000000000	-1.0749045764929
11.530000000000	-1.0604524219099
11.540000000000	-1.0463020934855
11.550000000000	-1.0324462707209
11.560000000000	-1.0188778278839
11.570000000000	-1.0055898287450
11.580000000000	-0.99257552144399
11.590000000000	-0.97982833348678
11.600000000000	-0.96734186686804
11.610000000000	-0.95510989331861
11.620000000000	-0.94312634967509
11.630000000000	-0.93138533336918
11.640000000000	-0.91988109803460
11.650000000000	-0.90860804922899
11.660000000000	-0.89756074026872
11.670000000000	-0.88673386817403
11.680000000000	-0.87612226972217
11.690000000000	-0.86572091760618
11.700000000000	-0.85552491669710
11.710000000000	-0.84552950040700
11.720000000000	-0.83573002715076
11.730000000000	-0.82612197690417
11.740000000000	-0.81670094785609
11.750000000000	-0.80746265315243
11.760000000000	-0.79840291772975
11.770000000000	-0.78951767523619
11.780000000000	-0.78080296503770
11.790000000000	-0.77225492930726
11.800000000000	-0.76386981019516
11.810000000000	-0.75564394707816
11.820000000000	-0.74757377388552
11.830000000000	-0.73965581649989
11.840000000000	-0.73188669023123
11.850000000000	-0.72426309736152
11.860000000000	-0.71678182475881
11.870000000000	-0.70943974155835
11.880000000000	-0.70223379690924
11.890000000000	-0.69516101778479
11.900000000000	-0.68821850685476
11.910000000000	-0.68140344041787
11.920000000000	-0.67471306639298
11.930000000000	-0.66814470236706
11.940000000000	-0.66169573369878
11.950000000000	-0.65536361167580
11.960000000000	-0.64914585172443
11.970000000000	-0.64304003167021
11.980000000000	-0.63704379004788
11.990000000000	-0.63115482445942
12.000000000000	-0.62537088997878
