#Parameters = {d=1; g=0.5; h=2.4; l=6; m=3; p=0.5; phi=0; s=1.2; t=0.035; theta=0; w=7}
#"Frequency / GHz"	"SZmax(2),Zmax(1) (s=1.2) [Magnitude]"
#--------------------------------------------------------
2.0000000000000	-47.770027845647
2.0100000000000	-47.619920182944
2.0200000000000	-47.470318447009
2.0300000000000	-47.321216727705
2.0400000000000	-47.172609164109
2.0500000000000	-47.024489944621
2.0600000000000	-46.876853307007
2.0700000000000	-46.729693538402
2.0800000000000	-46.583004975269
2.0900000000000	-46.436782003314
2.1000000000000	-46.291019057351
2.1100000000000	-46.145710621159
2.1200000000000	-46.000851227278
2.1300000000000	-45.856435456777
2.1400000000000	-45.712457939018
2.1500000000000	-45.568913351360
2.1600000000000	-45.425796418868
2.1700000000000	-45.283101913982
2.1800000000000	-45.140824656158
2.1900000000000	-44.998959511528
2.2000000000000	-44.857501392503
2.2100000000000	-44.716445257361
2.2200000000000	-44.575786109854
2.2300000000000	-44.435518998773
2.2400000000000	-44.295639017512
2.2500000000000	-44.156141303620
2.2600000000000	-44.017021038336
2.2700000000000	-43.878273446131
2.2800000000000	-43.739893794230
2.2900000000000	-43.601877392107
2.3000000000000	-43.464219591050
2.3100000000000	-43.326915783607
2.3200000000000	-43.189961403133
2.3300000000000	-43.053351923260
2.3400000000000	-42.917082857409
2.3500000000000	-42.781149758265
2.3600000000000	-42.645548217288
2.3700000000000	-42.510273864186
2.3800000000000	-42.375322366393
2.3900000000000	-42.240689428577
2.4000000000000	-42.106370792110
2.4100000000000	-41.972362234552
2.4200000000000	-41.838659569149
2.4300000000000	-41.705258644301
2.4400000000000	-41.572155343065
2.4500000000000	-41.439345582630
2.4600000000000	-41.306825313814
2.4700000000000	-41.174590520547
2.4800000000000	-41.042637219371
2.4900000000000	-40.910961458930
2.5000000000000	-40.779559319471
2.5100000000000	-40.648426912330
2.5200000000000	-40.517560379454
2.5300000000000	-40.386955892885
2.5400000000000	-40.256609654275
2.5500000000000	-40.126517894394
2.5600000000000	-39.996676872649
2.5700000000000	-39.867082876581
2.5800000000000	-39.737732221402
2.5900000000000	-39.608621249513
2.6000000000000	-39.479746330011
2.6100000000000	-39.351103858243
2.6200000000000	-39.222690255319
2.6300000000000	-39.094501967643
2.6400000000000	-38.966535466465
2.6500000000000	-38.838787247416
2.6600000000000	-38.711253830041
2.6700000000000	-38.583931757367
2.6800000000000	-38.456817595432
2.6900000000000	-38.329907932853
2.7000000000000	-38.203199380382
2.7100000000000	-38.076688570456
2.7200000000000	-37.950372156775
2.7300000000000	-37.824246813856
2.7400000000000	-37.698309236613
2.7500000000000	-37.572556139930
2.7600000000000	-37.446984258225
2.7700000000000	-37.321590345046
2.7800000000000	-37.196371172648
2.7900000000000	-37.071323531570
2.8000000000000	-36.946444230237
2.8100000000000	-36.821730094546
2.8200000000000	-36.697177967456
2.8300000000000	-36.572784708598
2.8400000000000	-36.448547193858
2.8500000000000	-36.324462315002
2.8600000000000	-36.200526979262
2.8700000000000	-36.076738108952
2.8800000000000	-35.953092641082
2.8900000000000	-35.829587526971
2.9000000000000	-35.706219731857
2.9100000000000	-35.582986234524
2.9200000000000	-35.459884026918
2.9300000000000	-35.336910113772
2.9400000000000	-35.214061512229
2.9500000000000	-35.091335251476
2.9600000000000	-34.968728372367
2.9700000000000	-34.846237927057
2.9800000000000	-34.723860978641
2.9900000000000	-34.601594600781
3.0000000000000	-34.479435877355
3.0100000000000	-34.357381902085
3.0200000000000	-34.235429778186
3.0300000000000	-34.113576618008
3.0400000000000	-33.991819542678
3.0500000000000	-33.870155681751
3.0600000000000	-33.748582172851
3.0700000000000	-33.627096161329
3.0800000000000	-33.505694799907
3.0900000000000	-33.384375248331
3.1000000000000	-33.263134673027
3.1100000000000	-33.141970246752
3.1200000000000	-33.020879148254
3.1300000000000	-32.899858561924
3.1400000000000	-32.778905677454
3.1500000000000	-32.658017689501
3.1600000000000	-32.537191797340
3.1700000000000	-32.416425204527
3.1800000000000	-32.295715118560
3.1900000000000	-32.175058750541
3.2000000000000	-32.054453314837
3.2100000000000	-31.933896028744
3.2200000000000	-31.813384112150
3.2300000000000	-31.692914787202
3.2400000000000	-31.572485277962
3.2500000000000	-31.452092810083
3.2600000000000	-31.331734610463
3.2700000000000	-31.211407906919
3.2800000000000	-31.091109927846
3.2900000000000	-30.970837901889
3.3000000000000	-30.850589057601
3.3100000000000	-30.730360623114
3.3200000000000	-30.610149825804
3.3300000000000	-30.489953891955
3.3400000000000	-30.369770046426
3.3500000000000	-30.249595512314
3.3600000000000	-30.129427510624
3.3700000000000	-30.009263259928
3.3800000000000	-29.889099976034
3.3900000000000	-29.768934871648
3.4000000000000	-29.648765156040
3.4100000000000	-29.528588034707
3.4200000000000	-29.408400709035
3.4300000000000	-29.288200375962
3.4400000000000	-29.167984227643
3.4500000000000	-29.047749451109
3.4600000000000	-28.927493227931
3.4700000000000	-28.807212733879
3.4800000000000	-28.686905138582
3.4900000000000	-28.566567605190
3.5000000000000	-28.446197290033
3.5100000000000	-28.325791342278
3.5200000000000	-28.205346903590
3.5300000000000	-28.084861107786
3.5400000000000	-27.964331080498
3.5500000000000	-27.843753938825
3.5600000000000	-27.723126790991
3.5700000000000	-27.602446735999
3.5800000000000	-27.481710863293
3.5900000000000	-27.360916252407
3.6000000000000	-27.240059972618
3.6100000000000	-27.119139082609
3.6200000000000	-26.998150630119
3.6300000000000	-26.877091651592
3.6400000000000	-26.755959171843
3.6500000000000	-26.634750203702
3.6600000000000	-26.513461747675
3.6700000000000	-26.392090791594
3.6800000000000	-26.270634310277
3.6900000000000	-26.149089265183
3.7000000000000	-26.027452604064
3.7100000000000	-25.905721260628
3.7200000000000	-25.783892154195
3.7300000000000	-25.661962189357
3.7400000000000	-25.539928255638
3.7500000000000	-25.417787227158
3.7600000000000	-25.295535962300
3.7700000000000	-25.173171303370
3.7800000000000	-25.050690076275
3.7900000000000	-24.928089090186
3.8000000000000	-24.805365137222
3.8100000000000	-24.682514992123
3.8200000000000	-24.559535411932
3.8300000000000	-24.436423135685
3.8400000000000	-24.313174884099
3.8500000000000	-24.189787359272
3.8600000000000	-24.066257244382
3.8700000000000	-23.942581203396
3.8800000000000	-23.818755880783
3.8900000000000	-23.694777901242
3.9000000000000	-23.570643869425
3.9100000000000	-23.446350369683
3.9200000000000	-23.321893965807
3.9300000000000	-23.197271200793
3.9400000000000	-23.072478596610
3.9500000000000	-22.947512653978
3.9600000000000	-22.822369852170
3.9700000000000	-22.697046648813
3.9800000000000	-22.571539479719
3.9900000000000	-22.445844758719
4.0000000000000	-22.319958877526
4.0100000000000	-22.193878205608
4.0200000000000	-22.067599090088
4.0300000000000	-21.941117855660
4.0400000000000	-21.814430804532
4.0500000000000	-21.687534216396
4.0600000000000	-21.560424348419
4.0700000000000	-21.433097435267
4.0800000000000	-21.305549689162
4.0900000000000	-21.177777299966
4.1000000000000	-21.049776435306
4.1100000000000	-20.921543240735
4.1200000000000	-20.793073839934
4.1300000000000	-20.664364334957
4.1400000000000	-20.535410806522
4.1500000000000	-20.406209314355
4.1600000000000	-20.276755897583
4.1700000000000	-20.147046575186
4.1800000000000	-20.017077346508
4.1900000000000	-19.886844191836
4.2000000000000	-19.756343073046
4.2100000000000	-19.625569934319
4.2200000000000	-19.494520702945
4.2300000000000	-19.363191290197
4.2400000000000	-19.231577592311
4.2500000000000	-19.099675491547
4.2600000000000	-18.967480857359
4.2700000000000	-18.834989547673
4.2800000000000	-18.702197410275
4.2900000000000	-18.569100284331
4.3000000000000	-18.435694002030
4.3100000000000	-18.301974390370
4.3200000000000	-18.167937273092
4.3300000000000	-18.033578472773
4.3400000000000	-17.898893813086
4.3500000000000	-17.763879121242
4.3600000000000	-17.628530230619
4.3700000000000	-17.492842983599
4.3800000000000	-17.356813234619
4.3900000000000	-17.220436853449
4.4000000000000	-17.083709728724
4.4100000000000	-16.946627771723
4.4200000000000	-16.809186920444
4.4300000000000	-16.671383143954
4.4400000000000	-16.533212447067
4.4500000000000	-16.394670875349
4.4600000000000	-16.255754520480
4.4700000000000	-16.116459525993
4.4800000000000	-15.976782093414
4.4900000000000	-15.836718488828
4.5000000000000	-15.696265049893
4.5100000000000	-15.555418193349
4.5200000000000	-15.414174423019
4.5300000000000	-15.272530338371
4.5400000000000	-15.130482643642
4.5500000000000	-14.988028157586
4.5600000000000	-14.845163823861
4.5700000000000	-14.701886722117
4.5800000000000	-14.558194079802
4.5900000000000	-14.414083284758
4.6000000000000	-14.269551898628
4.6100000000000	-14.124597671144
4.6200000000000	-13.979218555329
4.6300000000000	-13.833412723690
4.6400000000000	-13.687178585439
4.6500000000000	-13.540514804809
4.6600000000000	-13.393420320536
4.6700000000000	-13.245894366567
4.6800000000000	-13.097936494057
4.6900000000000	-12.949546594742
4.7000000000000	-12.800724925750
4.7100000000000	-12.651472135943
4.7200000000000	-12.501789293853
4.7300000000000	-12.351677917316
4.7400000000000	-12.201140004876
4.7500000000000	-12.050178069065
4.7600000000000	-11.898795171631
4.7700000000000	-11.746994960834
4.7800000000000	-11.594781710878
4.7900000000000	-11.442160363607
4.8000000000000	-11.289136572535
4.8100000000000	-11.135716749333
4.8200000000000	-10.981908112851
4.8300000000000	-10.827718740788
4.8400000000000	-10.673157624086
4.8500000000000	-10.518234724156
4.8600000000000	-10.362961033005
4.8700000000000	-10.207348636346
4.8800000000000	-10.051410779761
4.8900000000000	-9.8951619379629
4.9000000000000	-9.7386178872132
4.9100000000000	-9.5817957809039
4.9200000000000	-9.4247142283190
4.9300000000000	-9.2673933765515
4.9400000000000	-9.1098549955301
4.9500000000000	-8.9521225660763
4.9600000000000	-8.7942213708738
4.9700000000000	-8.6361785881939
4.9800000000000	-8.4780233881670
4.9900000000000	-8.3197870313390
5.0000000000000	-8.1615029691903
5.0100000000000	-8.0032069462239
5.0200000000000	-7.8449371031547
5.0300000000000	-7.6867340806493
5.0400000000000	-7.5286411229698
5.0500000000000	-7.3707041807784
5.0600000000000	-7.2129720122482
5.0700000000000	-7.0554962815109
5.0800000000000	-6.8983316533461
5.0900000000000	-6.7415358828874
5.1000000000000	-6.5851698989824
5.1100000000000	-6.4292978797035
5.1200000000000	-6.2739873183627
5.1300000000000	-6.1193090782396
5.1400000000000	-5.9653374340910
5.1500000000000	-5.8121500983777
5.1600000000000	-5.6598282300175
5.1700000000000	-5.5084564233679
5.1800000000000	-5.3581226750507
5.1900000000000	-5.2089183261741
5.2000000000000	-5.0609379774736
5.2100000000000	-4.9142793749114
5.2200000000000	-4.7690432633301
5.2300000000000	-4.6253332058705
5.2400000000000	-4.4832553670437
5.2500000000000	-4.3429182575883
5.2600000000000	-4.2044324395681
5.2700000000000	-4.0679101905615
5.2800000000000	-3.9334651262793
5.2900000000000	-3.8012117815091
5.3000000000000	-3.6712651499325
5.3100000000000	-3.5437401840822
5.3200000000000	-3.4187512574966
5.3300000000000	-3.2964115919715
5.3400000000000	-3.1768326536933
5.3500000000000	-3.0601235229384
5.3600000000000	-2.9463902429194
5.3700000000000	-2.8357351542205
5.3800000000000	-2.7282562220668
5.3900000000000	-2.6240463643781
5.4000000000000	-2.5231927891422
5.4100000000000	-2.4257763500701
5.4200000000000	-2.3318709297437
5.4300000000000	-2.2415428595116
5.4400000000000	-2.1548503852080
5.4500000000000	-2.0718431873665
5.4600000000000	-1.9925619639568
5.4700000000000	-1.9170380828147
5.4800000000000	-1.8452933098620
5.4900000000000	-1.7773396179650
5.5000000000000	-1.7131790798839
5.5100000000000	-1.6528038472603
5.5200000000000	-1.5961962160280
5.5300000000000	-1.5433287770571
5.5400000000000	-1.4941646493006
5.5500000000000	-1.4486577912625
5.5600000000000	-1.4067533852748
5.5700000000000	-1.3683882879159
5.5800000000000	-1.3334915389304
5.5900000000000	-1.3019849202654
5.6000000000000	-1.2737835563150
5.6100000000000	-1.2487965461782
5.6200000000000	-1.2269276186692
5.6300000000000	-1.2080758009750
5.6400000000000	-1.1921360921939
5.6500000000000	-1.1790001335029
5.6600000000000	-1.1685568673517
5.6700000000000	-1.1606931788405
5.6800000000000	-1.1552945132743
5.6900000000000	-1.1522454647703
5.7000000000000	-1.1514303316965
5.7100000000000	-1.1527336356143
5.7200000000000	-1.1560406012619
5.7300000000000	-1.1612375959354
5.7400000000000	-1.1682125273783
5.7500000000000	-1.1768551999749
5.7600000000000	-1.1870576296490
5.7700000000000	-1.1987143183882
5.7800000000000	-1.2117224897579
5.7900000000000	-1.2259822871245
5.8000000000000	-1.2413969365889
5.8100000000000	-1.2578728768430
5.8200000000000	-1.2753198583017
5.8300000000000	-1.2936510139533
5.8400000000000	-1.3127829044012
5.8500000000000	-1.3326355395637
5.8600000000000	-1.3531323794508
5.8700000000000	-1.3742003163617
5.8800000000000	-1.3957696407486
5.8900000000000	-1.4177739928733
5.9000000000000	-1.4401503022547
5.9100000000000	-1.4628387167679
5.9200000000000	-1.4857825231106
5.9300000000000	-1.5089280602106
5.9400000000000	-1.5322246270061
5.9500000000000	-1.5556243858885
5.9600000000000	-1.5790822629670
5.9700000000000	-1.6025558461838
5.9800000000000	-1.6260052821900
5.9900000000000	-1.6493931727788
6.0000000000000	-1.6726844715685
6.0100000000000	-1.6958463815305
6.0200000000000	-1.7188482538724
6.0300000000000	-1.7416614887025
6.0400000000000	-1.7642594378323
6.0500000000000	-1.7866173100078
6.0600000000000	-1.8087120788043
6.0700000000000	-1.8305223933636
6.0800000000000	-1.8520284921133
6.0900000000000	-1.8732121195634
6.1000000000000	-1.8940564462419
6.1100000000000	-1.9145459918044
6.1200000000000	-1.9346665513212
6.1300000000000	-1.9544051247293
6.1400000000000	-1.9737498494139
6.1500000000000	-1.9926899358714
6.1600000000000	-2.0112156063916
6.1700000000000	-2.0293180366874
6.1800000000000	-2.0469893003906
6.1900000000000	-2.0642223163284
6.2000000000000	-2.0810107984885
6.2100000000000	-2.0973492085765
6.2200000000000	-2.1132327110716
6.2300000000000	-2.1286571306781
6.2400000000000	-2.1436189120781
6.2500000000000	-2.1581150818836
6.2600000000000	-2.1721432126935
6.2700000000000	-2.1857013891582
6.2800000000000	-2.1987881759580
6.2900000000000	-2.2114025876051
6.3000000000000	-2.2235440599787
6.3100000000000	-2.2352124235082
6.3200000000000	-2.2464078779201
6.3300000000000	-2.2571309684697
6.3400000000000	-2.2673825635790
6.3500000000000	-2.2771638338068
6.3600000000000	-2.2864762320812
6.3700000000000	-2.2953214751248
6.3800000000000	-2.3037015260088
6.3900000000000	-2.3116185777740
6.4000000000000	-2.3190750380584
6.4100000000000	-2.3260735146773
6.4200000000000	-2.3326168021002
6.4300000000000	-2.3387078687760
6.4400000000000	-2.3443498452562
6.4500000000000	-2.3495460130717
6.4600000000000	-2.3542997943198
6.4700000000000	-2.3586147419195
6.4800000000000	-2.3624945304973
6.4900000000000	-2.3659429478662
6.5000000000000	-2.3689638870627
6.5100000000000	-2.3715613389100
6.5200000000000	-2.3737393850750
6.5300000000000	-2.3755021915914
6.5400000000000	-2.3768540028186
6.5500000000000	-2.3777991358134
6.5600000000000	-2.3783419750870
6.5700000000000	-2.3784869677251
6.5800000000000	-2.3782386188498
6.5900000000000	-2.3776014874004
6.6000000000000	-2.3765801822156
6.6100000000000	-2.3751793583976
6.6200000000000	-2.3734037139401
6.6300000000000	-2.3712579866045
6.6400000000000	-2.3687469510288
6.6500000000000	-2.3658754160537
6.6600000000000	-2.3626482222523
6.6700000000000	-2.3590702396508
6.6800000000000	-2.3551463656273
6.6900000000000	-2.3508815229768
6.7000000000000	-2.3462806581320
6.7100000000000	-2.3413487395291
6.7200000000000	-2.3360907561083
6.7300000000000	-2.3305117159406
6.7400000000000	-2.3246166449716
6.7500000000000	-2.3184105858730
6.7600000000000	-2.3118985969959
6.7700000000000	-2.3050857514168
6.7800000000000	-2.2979771360693
6.7900000000000	-2.2905778509562
6.8000000000000	-2.2828930084332
6.8100000000000	-2.2749277325608
6.8200000000000	-2.2666871585166
6.8300000000000	-2.2581764320635
6.8400000000000	-2.2494007090685
6.8500000000000	-2.2403651550669
6.8600000000000	-2.2310749448675
6.8700000000000	-2.2215352621943
6.8800000000000	-2.2117512993600
6.8900000000000	-2.2017282569679
6.9000000000000	-2.1914713436377
6.9100000000000	-2.1809857757517
6.9200000000000	-2.1702767772186
6.9300000000000	-2.1593495792497
6.9400000000000	-2.1482094201465
6.9500000000000	-2.1368615450948
6.9600000000000	-2.1253112059629
6.9700000000000	-2.1135636611021
6.9800000000000	-2.1016241751446
6.9900000000000	-2.0894980187982
7.0000000000000	-2.0771904686342
7.0100000000000	-2.0647068068668
7.0200000000000	-2.0520523211205
7.0300000000000	-2.0392323041845
7.0400000000000	-2.0262520537518
7.0500000000000	-2.0131168721401
7.0600000000000	-1.9998320659933
7.0700000000000	-1.9864029459616
7.0800000000000	-1.9728348263583
7.0900000000000	-1.9591330247915
7.1000000000000	-1.9453028617688
7.1100000000000	-1.9313496602749
7.1200000000000	-1.9172787453176
7.1300000000000	-1.9030954434444
7.1400000000000	-1.8888050822255
7.1500000000000	-1.8744129897031
7.1600000000000	-1.8599244938062
7.1700000000000	-1.8453449217282
7.1800000000000	-1.8306795992680
7.1900000000000	-1.8159338501329
7.2000000000000	-1.8011129952015
7.2100000000000	-1.7862223517474
7.2200000000000	-1.7712672326215
7.2300000000000	-1.7562529453933
7.2400000000000	-1.7411847914493
7.2500000000000	-1.7260680650497
7.2600000000000	-1.7109080523410
7.2700000000000	-1.6957100303260
7.2800000000000	-1.6804792657891
7.2900000000000	-1.6652210141785
7.3000000000000	-1.6499405184435
7.3100000000000	-1.6346430078287
7.3200000000000	-1.6193336966225
7.3300000000000	-1.6040177828639
7.3400000000000	-1.5887004470036
7.3500000000000	-1.5733868505232
7.3600000000000	-1.5580821345109
7.3700000000000	-1.5427914181953
7.3800000000000	-1.5275197974373
7.3900000000000	-1.5122723431815
7.4000000000000	-1.4970540998672
7.4100000000000	-1.4818700838005
7.4200000000000	-1.4667252814886
7.4300000000000	-1.4516246479373
7.4400000000000	-1.4365731049127
7.4500000000000	-1.4215755391690
7.4600000000000	-1.4066368006436
7.4700000000000	-1.3917617006210
7.4800000000000	-1.3769550098679
7.4900000000000	-1.3622214567397
7.5000000000000	-1.3475657252626
7.5100000000000	-1.3329924531911
7.5200000000000	-1.3185062300444
7.5300000000000	-1.3041115951232
7.5400000000000	-1.2898130355096
7.5500000000000	-1.2756149840528
7.5600000000000	-1.2615218173412
7.5700000000000	-1.2475378536667
7.5800000000000	-1.2336673509806
7.5900000000000	-1.2199145048455
7.6000000000000	-1.2062834463866
7.6100000000000	-1.1927782402427
7.6200000000000	-1.1794028825232
7.6300000000000	-1.1661612987713
7.6400000000000	-1.1530573419375
7.6500000000000	-1.1400947903668
7.6600000000000	-1.1272773458025
7.6700000000000	-1.1146086314087
7.6800000000000	-1.1020921898169
7.6900000000000	-1.0897314811969
7.7000000000000	-1.0775298813586
7.7100000000000	-1.0654906798847
7.7200000000000	-1.0536170782995
7.7300000000000	-1.0419121882767
7.7400000000000	-1.0303790298884
7.7500000000000	-1.0190205298998
7.7600000000000	-1.0078395201112
7.7700000000000	-0.99683873575201
7.7800000000000	-0.98602081392818
7.7900000000000	-0.97538829212719
7.8000000000000	-0.96494360678274
7.8100000000000	-0.95468909190228
7.8200000000000	-0.94462697775994
7.8300000000000	-0.93475938965755
7.8400000000000	-0.92508834675624
7.8500000000000	-0.91561576098104
7.8600000000000	-0.90634343600067
7.8700000000000	-0.89727306628485
7.8800000000000	-0.88840623624113
7.8900000000000	-0.87974441943301
7.9000000000000	-0.87128897788132
7.9100000000000	-0.86304116145033
7.9200000000000	-0.85500210732024
7.9300000000000	-0.84717283954709
7.9400000000000	-0.83955426871158
7.9500000000000	-0.83214719165763
7.9600000000000	-0.82495229132142
7.9700000000000	-0.81797013665191
7.9800000000000	-0.81120118262294
7.9900000000000	-0.80464577033755
8.0000000000000	-0.79830412722461
8.0100000000000	-0.79217636732761
8.0200000000000	-0.78626249168566
8.0300000000000	-0.78056238880618
8.0400000000000	-0.77507583522881
8.0500000000000	-0.76980249617998
8.0600000000000	-0.76474192631703
8.0700000000000	-0.75989357056120
8.0800000000000	-0.75525676501808
8.0900000000000	-0.75083073798428
8.1000000000000	-0.74661461103895
8.1100000000000	-0.74260740021840
8.1200000000000	-0.73880801727213
8.1300000000000	-0.73521527099851
8.1400000000000	-0.73182786865785
8.1500000000000	-0.72864441746104
8.1600000000000	-0.72566342613126
8.1700000000000	-0.72288330653663
8.1800000000000	-0.72030237539118
8.1900000000000	-0.71791885602180
8.2000000000000	-0.71573088019838
8.2100000000000	-0.71373649002456
8.2200000000000	-0.71193363988632
8.2300000000000	-0.71032019845556
8.2400000000000	-0.70889395074587
8.2500000000000	-0.70765260021755
8.2600000000000	-0.70659377092886
8.2700000000000	-0.70571500973079
8.2800000000000	-0.70501378850201
8.2900000000000	-0.70448750642135
8.3000000000000	-0.70413349227455
8.3100000000000	-0.70394900679251
8.3200000000000	-0.70393124501793
8.3300000000000	-0.70407733869740
8.3400000000000	-0.70438435869609
8.3500000000000	-0.70484931743212
8.3600000000000	-0.70546917132773
8.3700000000000	-0.70624082327450
8.3800000000000	-0.70716112510990
8.3900000000000	-0.70822688010238
8.4000000000000	-0.70943484544253
8.4100000000000	-0.71078173473769
8.4200000000000	-0.71226422050754
8.4300000000000	-0.71387893667832
8.4400000000000	-0.71562248107337
8.4500000000000	-0.71749141789770
8.4600000000000	-0.71948228021468
8.4700000000000	-0.72159157241255
8.4800000000000	-0.72381577265906
8.4900000000000	-0.72615133534224
8.5000000000000	-0.72859469349578
8.5100000000000	-0.73114226120711
8.5200000000000	-0.73379043600701
8.5300000000000	-0.73653560123905
8.5400000000000	-0.73937412840776
8.5500000000000	-0.74230237950423
8.5600000000000	-0.74531670930816
8.5700000000000	-0.74841346766524
8.5800000000000	-0.75158900173922
8.5900000000000	-0.75483965823767
8.6000000000000	-0.75816178561098
8.6100000000000	-0.76155173622399
8.6200000000000	-0.76500586849976
8.6300000000000	-0.76852054903529
8.6400000000000	-0.77209215468880
8.6500000000000	-0.77571707463862
8.6600000000000	-0.77939171241347
8.6700000000000	-0.78311248789441
8.6800000000000	-0.78687583928848
8.6900000000000	-0.79067822507431
8.7000000000000	-0.79451612592015
8.7100000000000	-0.79838604657464
8.7200000000000	-0.80228451773089
8.7300000000000	-0.80620809786457
8.7400000000000	-0.81015337504653
8.7500000000000	-0.81411696873088
8.7600000000000	-0.81809553151928
8.7700000000000	-0.82208575090245
8.7800000000000	-0.82608435097974
8.7900000000000	-0.83008809415806
8.8000000000000	-0.83409378283104
8.8100000000000	-0.83809826103977
8.8200000000000	-0.84209841611640
8.8300000000000	-0.84609118031171
8.8400000000000	-0.85007353240828
8.8500000000000	-0.85404249932048
8.8600000000000	-0.85799515768279
8.8700000000000	-0.86192863542808
8.8800000000000	-0.86584011335728
8.8900000000000	-0.86972682670207
8.9000000000000	-0.87358606668233
8.9100000000000	-0.87741518205991
8.9200000000000	-0.88121158069055
8.9300000000000	-0.88497273107566
8.9400000000000	-0.88869616391572
8.9500000000000	-0.89237947366719
8.9600000000000	-0.89602032010476
8.9700000000000	-0.89961642989071
8.9800000000000	-0.90316559815347
8.9900000000000	-0.90666569007712
9.0000000000000	-0.91011464250385
9.0100000000000	-0.91351046555133
9.0200000000000	-0.91685124424695
9.0300000000000	-0.92013514018085
9.0400000000000	-0.92336039317986
9.0500000000000	-0.92652532300423
9.0600000000000	-0.92962833106917
9.0700000000000	-0.93266790219323
9.0800000000000	-0.93564260637557
9.0900000000000	-0.93855110060396
9.1000000000000	-0.94139213069570
9.1100000000000	-0.94416453317324
9.1200000000000	-0.94686723717671
9.1300000000000	-0.94949926641504
9.1400000000000	-0.95205974115788
9.1500000000000	-0.95454788026993
9.1600000000000	-0.95696300328988
9.1700000000000	-0.95930453255559
9.1800000000000	-0.96157199537738
9.1900000000000	-0.96376502626122
9.2000000000000	-0.96588336918354
9.2100000000000	-0.96792687991936
9.2200000000000	-0.96989552842528
9.2300000000000	-0.97178940127891
9.2400000000000	-0.97360870417630
9.2500000000000	-0.97535376448861
9.2600000000000	-0.97702503387949
9.2700000000000	-0.97862309098427
9.2800000000000	-0.98014864415210
9.2900000000000	-0.98160253425211
9.3000000000000	-0.98298573754433
9.3100000000000	-0.98429936861625
9.3200000000000	-0.98554468338547
9.3300000000000	-0.98672308216906
9.3400000000000	-0.98783611281970
9.3500000000000	-0.98888547392879
9.3600000000000	-0.98987301809645
9.3700000000000	-0.99080075526797
9.3800000000000	-0.99167085613624
9.3900000000000	-0.99248565560936
9.4000000000000	-0.99324765634232
9.4100000000000	-0.99395953233139
9.4200000000000	-0.99462413256970
9.4300000000000	-0.99524448476192
9.4400000000000	-0.99582379909574
9.4500000000000	-0.99636547206761
9.4600000000000	-0.99687309035956
9.4700000000000	-0.99735043476366
9.4800000000000	-0.99780148415033
9.4900000000000	-0.99823041947603
9.5000000000000	-0.99864162782559
9.5100000000000	-0.99903970648373
9.5200000000000	-0.99942946703011
9.5300000000000	-0.99981593945120
9.5400000000000	-1.0002043762621
9.5500000000000	-1.0006002566309
9.5600000000000	-1.0010092904963
9.5700000000000	-1.0014374226715
9.5800000000000	-1.0018908369219
9.5900000000000	-1.0023759600091
9.6000000000000	-1.0028994656880
9.6100000000000	-1.0034682786456
9.6200000000000	-1.0040895783696
9.6300000000000	-1.0047708029313
9.6400000000000	-1.0055196526711
9.6500000000000	-1.0063440937683
9.6600000000000	-1.0072523616810
9.6700000000000	-1.0082529644384
9.6800000000000	-1.0093546857674
9.6900000000000	-1.0105665880341
9.7000000000000	-1.0118980149811
9.7100000000000	-1.0133585942391
9.7200000000000	-1.0149582395915
9.7300000000000	-1.0167071529683
9.7400000000000	-1.0186158261472
9.7500000000000	-1.0206950421357
9.7600000000000	-1.0229558762105
9.7700000000000	-1.0254096965867
9.7800000000000	-1.0280681646901
9.7900000000000	-1.0309432350060
9.8000000000000	-1.0340471544750
9.8100000000000	-1.0373924614071
9.8200000000000	-1.0409919838852
9.8300000000000	-1.0448588376287
9.8400000000000	-1.0490064232862
9.8500000000000	-1.0534484231272
9.8600000000000	-1.0581987971043
9.8700000000000	-1.0632717782539
9.8800000000000	-1.0686818674075
9.8900000000000	-1.0744438271827
9.9000000000000	-1.0805726752275
9.9100000000000	-1.0870836766888
9.9200000000000	-1.0939923358789
9.9300000000000	-1.1013143871158
9.9400000000000	-1.1090657847129
9.9500000000000	-1.1172626920969
9.9600000000000	-1.1259214700336
9.9700000000000	-1.1350586639460
9.9800000000000	-1.1446909903085
9.9900000000000	-1.1548353221069
10.000000000000	-1.1655086733545
10.010000000000	-1.1767281826614
10.020000000000	-1.1885110958540
10.030000000000	-1.2008747476490
10.040000000000	-1.2138365423895
10.050000000000	-1.2274139338536
10.060000000000	-1.2416244041548
10.070000000000	-1.2564854417538
10.080000000000	-1.2720145186114
10.090000000000	-1.2882290665131
10.100000000000	-1.3051464526051
10.110000000000	-1.3227839541857
10.120000000000	-1.3411587328014
10.130000000000	-1.3602878077049
10.140000000000	-1.3801880287348
10.150000000000	-1.4008760486866
10.160000000000	-1.4223682952459
10.170000000000	-1.4446809425652
10.180000000000	-1.4678298825649
10.190000000000	-1.4918306960512
10.200000000000	-1.5166986237417
10.210000000000	-1.5424485372983
10.220000000000	-1.5690949104687
10.230000000000	-1.5966517904420
10.240000000000	-1.6251327695270
10.250000000000	-1.6545509572616
10.260000000000	-1.6849189530675
10.270000000000	-1.7162488195615
10.280000000000	-1.7485520566363
10.290000000000	-1.7818395764229
10.300000000000	-1.8161216792462
10.310000000000	-1.8514080306810
10.320000000000	-1.8877076398146
10.330000000000	-1.9250288388178
10.340000000000	-1.9633792639207
10.350000000000	-2.0027658378857
10.360000000000	-2.0431947540620
10.370000000000	-2.0846714621023
10.380000000000	-2.1272006554099
10.390000000000	-2.1707862603820
10.400000000000	-2.2154314275021
10.410000000000	-2.2611385243266
10.420000000000	-2.3079091304026
10.430000000000	-2.3557440341410
10.440000000000	-2.4046432316623
10.450000000000	-2.4546059276197
10.460000000000	-2.5056305379954
10.470000000000	-2.5577146948553
10.480000000000	-2.6108552530362
10.490000000000	-2.6650482987321
10.500000000000	-2.7202891599342
10.510000000000	-2.7765724186716
10.520000000000	-2.8338919249905
10.530000000000	-2.8922408126006
10.540000000000	-2.9516115161123
10.550000000000	-3.0119957897783
10.560000000000	-3.0733847276498
10.570000000000	-3.1357687850494
10.580000000000	-3.1991378012609
10.590000000000	-3.2634810233293
10.600000000000	-3.3287871308643
10.610000000000	-3.3950442617351
10.620000000000	-3.4622400385459
10.630000000000	-3.5303615957782
10.640000000000	-3.5993956074877
10.650000000000	-3.6693283154439
10.660000000000	-3.7401455576011
10.670000000000	-3.8118327967937
10.680000000000	-3.8843751495492
10.690000000000	-3.9577574149168
10.700000000000	-4.0319641032135
10.710000000000	-4.1069794645929
10.720000000000	-4.1827875173480
10.730000000000	-4.2593720758619
10.740000000000	-4.3367167781294
10.750000000000	-4.4148051127735
10.760000000000	-4.4936204454899
10.770000000000	-4.5731460448574
10.780000000000	-4.6533651074569
10.790000000000	-4.7342607822486
10.800000000000	-4.8158161941637
10.810000000000	-4.8980144668698
10.820000000000	-4.9808387446781
10.830000000000	-5.0642722135639
10.840000000000	-5.1482981212777
10.850000000000	-5.2328997965301
10.860000000000	-5.3180606672373
10.870000000000	-5.4037642778195
10.880000000000	-5.4899943055488
10.890000000000	-5.5767345759472
10.900000000000	-5.6639690772387
10.910000000000	-5.7516819738645
10.920000000000	-5.8398576190714
10.930000000000	-5.9284805665877
10.940000000000	-6.0175355814049
10.950000000000	-6.1070076496824
10.960000000000	-6.1968819877985
10.970000000000	-6.2871440505701
10.980000000000	-6.3777795386655
10.990000000000	-6.4687744052385
11.000000000000	-6.5601148618088
11.010000000000	-6.6517873834192
11.020000000000	-6.7437787130969
11.030000000000	-6.8360758656503
11.040000000000	-6.9286661308294
11.050000000000	-7.0215370758814
11.060000000000	-7.1146765475306
11.070000000000	-7.2080726734131
11.080000000000	-7.3017138629958
11.090000000000	-7.3955888080100
11.100000000000	-7.4896864824266
11.110000000000	-7.5839961420033
11.120000000000	-7.6785073234305
11.130000000000	-7.7732098431031
11.140000000000	-7.8680937955444
11.150000000000	-7.9631495515085
11.160000000000	-8.0583677557843
11.170000000000	-8.1537393247258
11.180000000000	-8.2492554435324
11.190000000000	-8.3449075632990
11.200000000000	-8.4406873978590
11.210000000000	-8.5365869204395
11.220000000000	-8.6325983601474
11.230000000000	-8.7287141983060
11.240000000000	-8.8249271646575
11.250000000000	-8.9212302334496
11.260000000000	-9.0176166194212
11.270000000000	-9.1140797737012
11.280000000000	-9.2106133796351
11.290000000000	-9.3072113485515
11.300000000000	-9.4038678154820
11.310000000000	-9.5005771348446
11.320000000000	-9.5973338761016
11.330000000000	-9.6941328194023
11.340000000000	-9.7909689512197
11.350000000000	-9.8878374599890
11.360000000000	-9.9847337317572
11.370000000000	-10.081653345849
11.380000000000	-10.178592070559
11.390000000000	-10.275545858871
11.400000000000	-10.372510844219
11.410000000000	-10.469483336283
11.420000000000	-10.566459816836
11.430000000000	-10.663436935635
11.440000000000	-10.760411506378
11.450000000000	-10.857380502700
11.460000000000	-10.954341054248
11.470000000000	-11.051290442808
11.480000000000	-11.148226098500
11.490000000000	-11.245145596038
11.500000000000	-11.342046651068
11.510000000000	-11.438927116566
11.520000000000	-11.535784979315
11.530000000000	-11.632618356451
11.540000000000	-11.729425492086
11.550000000000	-11.826204754002
11.560000000000	-11.922954630424
11.570000000000	-12.019673726861
11.580000000000	-12.116360763032
11.590000000000	-12.213014569861
11.600000000000	-12.309634086543
11.610000000000	-12.406218357694
11.620000000000	-12.502766530568
11.630000000000	-12.599277852350
11.640000000000	-12.695751667526
11.650000000000	-12.792187415314
11.660000000000	-12.888584627180
11.670000000000	-12.984942924418
11.680000000000	-13.081262015800
11.690000000000	-13.177541695296
11.700000000000	-13.273781839861
11.710000000000	-13.369982407296
11.720000000000	-13.466143434160
11.730000000000	-13.562265033766
11.740000000000	-13.658347394224
11.750000000000	-13.754390776560
11.760000000000	-13.850395512888
11.770000000000	-13.946362004647
11.780000000000	-14.042290720898
11.790000000000	-14.138182196676
11.800000000000	-14.234037031403
11.810000000000	-14.329855887355
11.820000000000	-14.425639488188
11.830000000000	-14.521388617511
11.840000000000	-14.617104117521
11.850000000000	-14.712786887682
11.860000000000	-14.808437883460
11.870000000000	-14.904058115105
11.880000000000	-14.999648646488
11.890000000000	-15.095210593972
11.900000000000	-15.190745125350
11.910000000000	-15.286253458808
11.920000000000	-15.381736861951
11.930000000000	-15.477196650859
11.940000000000	-15.572634189196
11.950000000000	-15.668050887358
11.960000000000	-15.763448201659
11.970000000000	-15.858827633563
11.980000000000	-15.954190728953
11.990000000000	-16.049539077442
12.000000000000	-16.144874311716
